1.000000000000000000e+00 -0.000000000000000000e+00 0.000000000000000000e+00 -8.000000000000000000e+00 0.000000000000000000e+00 1.000000000000000000e+00 0.000000000000000000e+00 5.000000000000000000e+00 0.000000000000000000e+00 0.000000000000000000e+00 1.000000000000000000e+00 0.000000000000000000e+00
1.000000000000000000e+00 -0.000000000000000000e+00 0.000000000000000000e+00 -8.000000000000000000e+00 0.000000000000000000e+00 1.000000000000000000e+00 0.000000000000000000e+00 4.549999999999999822e+00 0.000000000000000000e+00 0.000000000000000000e+00 1.000000000000000000e+00 0.000000000000000000e+00
1.000000000000000000e+00 -0.000000000000000000e+00 0.000000000000000000e+00 -8.000000000000000000e+00 0.000000000000000000e+00 1.000000000000000000e+00 0.000000000000000000e+00 4.100000399999999878e+00 0.000000000000000000e+00 0.000000000000000000e+00 1.000000000000000000e+00 0.000000000000000000e+00
1.000000000000000000e+00 -0.000000000000000000e+00 0.000000000000000000e+00 -8.000000000000000000e+00 0.000000000000000000e+00 1.000000000000000000e+00 0.000000000000000000e+00 3.650000299999999864e+00 0.000000000000000000e+00 0.000000000000000000e+00 1.000000000000000000e+00 0.000000000000000000e+00
1.000000000000000000e+00 -0.000000000000000000e+00 0.000000000000000000e+00 -8.000000000000000000e+00 0.000000000000000000e+00 1.000000000000000000e+00 0.000000000000000000e+00 3.200000300000000131e+00 0.000000000000000000e+00 0.000000000000000000e+00 1.000000000000000000e+00 0.000000000000000000e+00
9.952141818585960031e-01 -9.771761472490700373e-02 0.000000000000000000e+00 -7.959984300000000346e+00 9.771761472490700373e-02 9.952141818585960031e-01 0.000000000000000000e+00 2.573595000000000077e+00 0.000000000000000000e+00 0.000000000000000000e+00 1.000000000000000000e+00 0.000000000000000000e+00
9.999999893406815721e-01 -1.460090294812144032e-04 0.000000000000000000e+00 -7.708251999999999882e+00 1.460090294812144032e-04 9.999999893406815721e-01 0.000000000000000000e+00 1.920981199999999944e+00 0.000000000000000000e+00 0.000000000000000000e+00 1.000000000000000000e+00 0.000000000000000000e+00
9.999482262205765526e-01 1.017570038487402261e-02 0.000000000000000000e+00 -7.723308000000000284e+00 -1.017570038487402261e-02 9.999482262205765526e-01 0.000000000000000000e+00 1.375970099999999974e+00 0.000000000000000000e+00 0.000000000000000000e+00 1.000000000000000000e+00 0.000000000000000000e+00
9.908674557968971675e-01 -1.348394787982509502e-01 0.000000000000000000e+00 -7.713901500000000411e+00 1.348394787982509502e-01 9.908674557968971675e-01 0.000000000000000000e+00 8.847890999999999950e-01 0.000000000000000000e+00 0.000000000000000000e+00 1.000000000000000000e+00 0.000000000000000000e+00
9.839084745502748586e-01 -1.786732036656621669e-01 0.000000000000000000e+00 -7.630905600000000177e+00 1.786732036656621669e-01 9.839084745502748586e-01 0.000000000000000000e+00 3.651306599999999958e-01 0.000000000000000000e+00 0.000000000000000000e+00 1.000000000000000000e+00 0.000000000000000000e+00
9.873667905622817154e-01 -1.584513202682115984e-01 0.000000000000000000e+00 -7.397536999999999807e+00 1.584513202682115984e-01 9.873667905622817154e-01 0.000000000000000000e+00 -8.376348000000000127e-02 0.000000000000000000e+00 0.000000000000000000e+00 1.000000000000000000e+00 0.000000000000000000e+00
9.953785553921303819e-01 9.602880539440009078e-02 0.000000000000000000e+00 -7.405604000000000298e+00 -9.602880539440009078e-02 9.953785553921303819e-01 0.000000000000000000e+00 -5.725230599999999725e-01 0.000000000000000000e+00 0.000000000000000000e+00 1.000000000000000000e+00 0.000000000000000000e+00
9.855181156561387823e-01 1.695701734196597699e-01 0.000000000000000000e+00 -7.369049500000000030e+00 -1.695701734196597699e-01 9.855181156561387823e-01 0.000000000000000000e+00 -1.093804199999999893e+00 0.000000000000000000e+00 0.000000000000000000e+00 1.000000000000000000e+00 0.000000000000000000e+00
9.862837230565613122e-01 1.650588308261277670e-01 0.000000000000000000e+00 -7.627175000000000260e+00 -1.650588308261277670e-01 9.862837230565613122e-01 0.000000000000000000e+00 -1.736313999999999913e+00 0.000000000000000000e+00 0.000000000000000000e+00 1.000000000000000000e+00 0.000000000000000000e+00
9.998217444314635438e-01 1.888066105901222563e-02 0.000000000000000000e+00 -7.547186400000000184e+00 -1.888066105901222563e-02 9.998217444314635438e-01 0.000000000000000000e+00 -2.186980000000000146e+00 0.000000000000000000e+00 0.000000000000000000e+00 1.000000000000000000e+00 0.000000000000000000e+00
9.942102190116260951e-01 1.074525030553238197e-01 0.000000000000000000e+00 -7.518165599999999671e+00 -1.074525030553238197e-01 9.942102190116260951e-01 0.000000000000000000e+00 -2.653105699999999789e+00 0.000000000000000000e+00 0.000000000000000000e+00 1.000000000000000000e+00 0.000000000000000000e+00
9.957686442373602231e-01 9.189563185314920946e-02 0.000000000000000000e+00 -7.579824999999999591e+00 -9.189563185314920946e-02 9.957686442373602231e-01 0.000000000000000000e+00 -2.899829099999999826e+00 0.000000000000000000e+00 0.000000000000000000e+00 1.000000000000000000e+00 0.000000000000000000e+00
9.914633266283541246e-01 1.303858579411030505e-01 0.000000000000000000e+00 -7.512754400000000388e+00 -1.303858579411030505e-01 9.914633266283541246e-01 0.000000000000000000e+00 -3.481482999999999883e+00 0.000000000000000000e+00 0.000000000000000000e+00 1.000000000000000000e+00 0.000000000000000000e+00
9.630310638904454601e-01 2.693903672777420155e-01 0.000000000000000000e+00 -7.671446999999999683e+00 -2.693903672777420155e-01 9.630310638904454601e-01 0.000000000000000000e+00 -3.883997700000000108e+00 0.000000000000000000e+00 0.000000000000000000e+00 1.000000000000000000e+00 0.000000000000000000e+00
9.480570238481723644e-01 3.181004236591740697e-01 0.000000000000000000e+00 -7.558841700000000330e+00 -3.181004236591740697e-01 9.480570238481723644e-01 0.000000000000000000e+00 -4.205594500000000124e+00 0.000000000000000000e+00 0.000000000000000000e+00 1.000000000000000000e+00 0.000000000000000000e+00
9.699000987521222417e-01 2.435031795287762313e-01 0.000000000000000000e+00 -7.663678599999999896e+00 -2.435031795287762313e-01 9.699000987521222417e-01 0.000000000000000000e+00 -4.124211299999999802e+00 0.000000000000000000e+00 0.000000000000000000e+00 1.000000000000000000e+00 0.000000000000000000e+00
9.682035665064725460e-01 2.501636540430015598e-01 0.000000000000000000e+00 -7.712140999999999913e+00 -2.501636540430015598e-01 9.682035665064725460e-01 0.000000000000000000e+00 -4.369902599999999637e+00 0.000000000000000000e+00 0.000000000000000000e+00 1.000000000000000000e+00 0.000000000000000000e+00
9.789457087084322273e-01 2.041207961020761186e-01 0.000000000000000000e+00 -7.807359700000000124e+00 -2.041207961020761186e-01 9.789457087084322273e-01 0.000000000000000000e+00 -4.805901000000000423e+00 0.000000000000000000e+00 0.000000000000000000e+00 1.000000000000000000e+00 0.000000000000000000e+00
9.994366877629049517e-01 3.356049989963954400e-02 0.000000000000000000e+00 -7.781454599999999999e+00 -3.356049989963954400e-02 9.994366877629049517e-01 0.000000000000000000e+00 -5.224447999999999759e+00 0.000000000000000000e+00 0.000000000000000000e+00 1.000000000000000000e+00 0.000000000000000000e+00
9.954427618675596445e-01 -9.536093458793758193e-02 0.000000000000000000e+00 -7.791611699999999807e+00 9.536093458793758193e-02 9.954427618675596445e-01 0.000000000000000000e+00 -5.661865999999999843e+00 0.000000000000000000e+00 0.000000000000000000e+00 1.000000000000000000e+00 0.000000000000000000e+00
9.839262262344967702e-01 -1.785754219592997072e-01 0.000000000000000000e+00 -7.727327999999999975e+00 1.785754219592997072e-01 9.839262262344967702e-01 0.000000000000000000e+00 -5.997283999999999615e+00 0.000000000000000000e+00 0.000000000000000000e+00 1.000000000000000000e+00 0.000000000000000000e+00
9.539348075192527476e-01 -3.000139713466794533e-01 0.000000000000000000e+00 -7.601102000000000025e+00 3.000139713466794533e-01 9.539348075192527476e-01 0.000000000000000000e+00 -6.212844999999999729e+00 0.000000000000000000e+00 0.000000000000000000e+00 1.000000000000000000e+00 0.000000000000000000e+00
9.289150026771818558e-01 -3.702930161389101360e-01 0.000000000000000000e+00 -7.418848500000000179e+00 3.702930161389101360e-01 9.289150026771818558e-01 0.000000000000000000e+00 -6.411565999999999654e+00 0.000000000000000000e+00 0.000000000000000000e+00 1.000000000000000000e+00 0.000000000000000000e+00
8.485435282995988926e-01 -5.291255811060998626e-01 0.000000000000000000e+00 -7.135261500000000368e+00 5.291255811060998626e-01 8.485435282995988926e-01 0.000000000000000000e+00 -6.742542700000000444e+00 0.000000000000000000e+00 0.000000000000000000e+00 1.000000000000000000e+00 0.000000000000000000e+00
7.226616936065036745e-01 -6.912019072556006005e-01 0.000000000000000000e+00 -6.906591399999999936e+00 6.912019072556006005e-01 7.226616936065036745e-01 0.000000000000000000e+00 -7.214185999999999765e+00 0.000000000000000000e+00 0.000000000000000000e+00 1.000000000000000000e+00 0.000000000000000000e+00
-6.443578514966324944e-01 7.647241065996570608e-01 0.000000000000000000e+00 -6.686239699999999786e+00 -7.647241065996570608e-01 -6.443578514966324944e-01 0.000000000000000000e+00 -7.472228000000000314e+00 0.000000000000000000e+00 0.000000000000000000e+00 1.000000000000000000e+00 0.000000000000000000e+00
-6.062616591244647246e-01 7.952652391973707990e-01 0.000000000000000000e+00 -6.310796999999999990e+00 -7.952652391973707990e-01 -6.062616591244647246e-01 0.000000000000000000e+00 -7.707051800000000341e+00 0.000000000000000000e+00 0.000000000000000000e+00 1.000000000000000000e+00 0.000000000000000000e+00
-5.968976407822792485e-01 8.023173975606842090e-01 0.000000000000000000e+00 -6.045582300000000409e+00 -8.023173975606842090e-01 -5.968976407822792485e-01 0.000000000000000000e+00 -7.882333299999999987e+00 0.000000000000000000e+00 0.000000000000000000e+00 1.000000000000000000e+00 0.000000000000000000e+00
-3.489063590589979169e-01 9.371575921947138399e-01 0.000000000000000000e+00 -5.910830999999999946e+00 -9.371575921947138399e-01 -3.489063590589979169e-01 0.000000000000000000e+00 -8.134180000000000632e+00 0.000000000000000000e+00 0.000000000000000000e+00 1.000000000000000000e+00 0.000000000000000000e+00
-8.550723138191801409e-02 9.963375499204067953e-01 0.000000000000000000e+00 -5.451226000000000127e+00 -9.963375499204067953e-01 -8.550723138191801409e-02 0.000000000000000000e+00 -8.118518999999999153e+00 0.000000000000000000e+00 0.000000000000000000e+00 1.000000000000000000e+00 0.000000000000000000e+00
1.003933163154166058e-01 9.949478288026929462e-01 0.000000000000000000e+00 -5.009923999999999822e+00 -9.949478288026929462e-01 1.003933163154166058e-01 0.000000000000000000e+00 -8.210875500000000216e+00 0.000000000000000000e+00 0.000000000000000000e+00 1.000000000000000000e+00 0.000000000000000000e+00
3.302486818705386296e-01 9.438939602109824856e-01 0.000000000000000000e+00 -4.705131500000000244e+00 -9.438939602109824856e-01 3.302486818705386296e-01 0.000000000000000000e+00 -8.147633000000000791e+00 0.000000000000000000e+00 0.000000000000000000e+00 1.000000000000000000e+00 0.000000000000000000e+00
4.921912424179090695e-01 8.704870940382258837e-01 0.000000000000000000e+00 -4.285173000000000343e+00 -8.704870940382258837e-01 4.921912424179090695e-01 0.000000000000000000e+00 -8.117900000000000560e+00 0.000000000000000000e+00 0.000000000000000000e+00 1.000000000000000000e+00 0.000000000000000000e+00
5.185688642990432529e-01 8.550358664872488301e-01 0.000000000000000000e+00 -3.906409000000000020e+00 -8.550358664872488301e-01 5.185688642990432529e-01 0.000000000000000000e+00 -8.041999999999999815e+00 0.000000000000000000e+00 0.000000000000000000e+00 1.000000000000000000e+00 0.000000000000000000e+00
5.590263228818186381e-01 8.291499082344716554e-01 0.000000000000000000e+00 -3.434523800000000016e+00 -8.291499082344716554e-01 5.590263228818186381e-01 0.000000000000000000e+00 -7.789699599999999613e+00 0.000000000000000000e+00 0.000000000000000000e+00 1.000000000000000000e+00 0.000000000000000000e+00
-5.655821480193400363e-01 -8.246919630030532522e-01 0.000000000000000000e+00 -3.618801599999999841e+00 8.246919630030532522e-01 -5.655821480193400363e-01 0.000000000000000000e+00 -7.864057999999999993e+00 0.000000000000000000e+00 0.000000000000000000e+00 1.000000000000000000e+00 0.000000000000000000e+00
7.088698471542127511e-01 7.053393082733748765e-01 0.000000000000000000e+00 -3.131607499999999877e+00 -7.053393082733748765e-01 7.088698471542127511e-01 0.000000000000000000e+00 -7.350412000000000390e+00 0.000000000000000000e+00 0.000000000000000000e+00 1.000000000000000000e+00 0.000000000000000000e+00
8.298850550149172722e-01 5.579344006806603584e-01 0.000000000000000000e+00 -2.903894399999999987e+00 -5.579344006806603584e-01 8.298850550149172722e-01 0.000000000000000000e+00 -6.999457999999999736e+00 0.000000000000000000e+00 0.000000000000000000e+00 1.000000000000000000e+00 0.000000000000000000e+00
8.789359666266438609e-01 4.769397934436664932e-01 0.000000000000000000e+00 -2.543379799999999857e+00 -4.769397934436664932e-01 8.789359666266438609e-01 0.000000000000000000e+00 -6.607046000000000419e+00 0.000000000000000000e+00 0.000000000000000000e+00 1.000000000000000000e+00 0.000000000000000000e+00
9.191226119473299150e-01 3.939716033004384554e-01 0.000000000000000000e+00 -2.243543100000000123e+00 -3.939716033004384554e-01 9.191226119473299150e-01 0.000000000000000000e+00 -6.183241999999999905e+00 0.000000000000000000e+00 0.000000000000000000e+00 1.000000000000000000e+00 0.000000000000000000e+00
9.304617965683391612e-01 3.663889260428302430e-01 0.000000000000000000e+00 -2.162435799999999908e+00 -3.663889260428302430e-01 9.304617965683391612e-01 0.000000000000000000e+00 -5.714965300000000248e+00 0.000000000000000000e+00 0.000000000000000000e+00 1.000000000000000000e+00 0.000000000000000000e+00
9.248753362366715081e-01 3.802704464208385704e-01 0.000000000000000000e+00 -2.092465400000000031e+00 -3.802704464208385704e-01 9.248753362366715081e-01 0.000000000000000000e+00 -5.347701500000000330e+00 0.000000000000000000e+00 0.000000000000000000e+00 1.000000000000000000e+00 0.000000000000000000e+00
9.483319742271087982e-01 3.172797923891691463e-01 0.000000000000000000e+00 -1.714748699999999904e+00 -3.172797923891691463e-01 9.483319742271087982e-01 0.000000000000000000e+00 -4.915339499999999973e+00 0.000000000000000000e+00 0.000000000000000000e+00 1.000000000000000000e+00 0.000000000000000000e+00
9.640545800561887146e-01 2.657042842573030805e-01 0.000000000000000000e+00 -1.642050500000000079e+00 -2.657042842573030805e-01 9.640545800561887146e-01 0.000000000000000000e+00 -4.455386599999999753e+00 0.000000000000000000e+00 0.000000000000000000e+00 1.000000000000000000e+00 0.000000000000000000e+00
9.452230155731643491e-01 3.264252607118107163e-01 0.000000000000000000e+00 -1.488212300000000043e+00 -3.264252607118107163e-01 9.452230155731643491e-01 0.000000000000000000e+00 -3.909196000000000115e+00 0.000000000000000000e+00 0.000000000000000000e+00 1.000000000000000000e+00 0.000000000000000000e+00
9.382191886300097483e-01 3.460415496532839308e-01 0.000000000000000000e+00 -1.292579499999999992e+00 -3.460415496532839308e-01 9.382191886300097483e-01 0.000000000000000000e+00 -3.519343899999999969e+00 0.000000000000000000e+00 0.000000000000000000e+00 1.000000000000000000e+00 0.000000000000000000e+00
8.763934449607256871e-01 4.815958156274527391e-01 0.000000000000000000e+00 -1.235815300000000061e+00 -4.815958156274527391e-01 8.763934449607256871e-01 0.000000000000000000e+00 -3.049564000000000163e+00 0.000000000000000000e+00 0.000000000000000000e+00 1.000000000000000000e+00 0.000000000000000000e+00
9.051893939078505813e-01 4.250084248067773629e-01 0.000000000000000000e+00 -1.001571200000000106e+00 -4.250084248067773629e-01 9.051893939078505813e-01 0.000000000000000000e+00 -2.657901999999999987e+00 0.000000000000000000e+00 0.000000000000000000e+00 1.000000000000000000e+00 0.000000000000000000e+00
8.626787925718417682e-01 5.057522128936157157e-01 0.000000000000000000e+00 -8.048593400000000342e-01 -5.057522128936157157e-01 8.626787925718417682e-01 0.000000000000000000e+00 -2.461168300000000198e+00 0.000000000000000000e+00 0.000000000000000000e+00 1.000000000000000000e+00 0.000000000000000000e+00
8.384237388029323057e-01 5.450189301406991316e-01 0.000000000000000000e+00 -7.219971400000000372e-01 -5.450189301406991316e-01 8.384237388029323057e-01 0.000000000000000000e+00 -2.059639199999999892e+00 0.000000000000000000e+00 0.000000000000000000e+00 1.000000000000000000e+00 0.000000000000000000e+00
7.955465682821335482e-01 6.058924472994531296e-01 0.000000000000000000e+00 -3.021176500000000154e-01 -6.058924472994531296e-01 7.955465682821335482e-01 0.000000000000000000e+00 -1.728086400000000022e+00 0.000000000000000000e+00 0.000000000000000000e+00 1.000000000000000000e+00 0.000000000000000000e+00
7.536262534857772755e-01 6.573031797100870044e-01 0.000000000000000000e+00 4.306950999999999835e-02 -6.573031797100870044e-01 7.536262534857772755e-01 0.000000000000000000e+00 -1.258600799999999964e+00 0.000000000000000000e+00 0.000000000000000000e+00 1.000000000000000000e+00 0.000000000000000000e+00
6.734120825742806460e-01 7.392673177159736486e-01 0.000000000000000000e+00 2.162805299999999986e-01 -7.392673177159736486e-01 6.734120825742806460e-01 0.000000000000000000e+00 -8.957097499999999712e-01 0.000000000000000000e+00 0.000000000000000000e+00 1.000000000000000000e+00 0.000000000000000000e+00
8.026754396492620236e-01 5.964160784082399580e-01 0.000000000000000000e+00 5.847426999999999486e-01 -5.964160784082399580e-01 8.026754396492620236e-01 0.000000000000000000e+00 -4.927025400000000221e-01 0.000000000000000000e+00 0.000000000000000000e+00 1.000000000000000000e+00 0.000000000000000000e+00
7.237520670221809782e-01 6.900601028034590856e-01 0.000000000000000000e+00 8.333532999999999635e-01 -6.900601028034590856e-01 7.237520670221809782e-01 0.000000000000000000e+00 -1.727942199999999984e-01 0.000000000000000000e+00 0.000000000000000000e+00 1.000000000000000000e+00 0.000000000000000000e+00
-7.932020438972973153e-01 6.089585515921013270e-01 0.000000000000000000e+00 7.026963999999999988e-01 -6.089585515921013270e-01 -7.932020438972973153e-01 0.000000000000000000e+00 -1.648843000000000114e-01 0.000000000000000000e+00 0.000000000000000000e+00 1.000000000000000000e+00 0.000000000000000000e+00
7.375983205420577615e-01 6.752397481884013786e-01 0.000000000000000000e+00 9.230639000000000483e-01 -6.752397481884013786e-01 7.375983205420577615e-01 0.000000000000000000e+00 1.987787500000000041e-01 0.000000000000000000e+00 0.000000000000000000e+00 1.000000000000000000e+00 0.000000000000000000e+00
8.014710756909880773e-01 5.980335398877979491e-01 0.000000000000000000e+00 1.198610900000000035e+00 -5.980335398877979491e-01 8.014710756909880773e-01 0.000000000000000000e+00 4.775522400000000167e-01 0.000000000000000000e+00 0.000000000000000000e+00 1.000000000000000000e+00 0.000000000000000000e+00
8.493524913263531539e-01 5.278260560807103152e-01 0.000000000000000000e+00 1.511743400000000070e+00 -5.278260560807103152e-01 8.493524913263531539e-01 0.000000000000000000e+00 9.014184499999999822e-01 0.000000000000000000e+00 0.000000000000000000e+00 1.000000000000000000e+00 0.000000000000000000e+00
9.253099120085114260e-01 3.792117703062510836e-01 0.000000000000000000e+00 1.672981400000000063e+00 -3.792117703062510836e-01 9.253099120085114260e-01 0.000000000000000000e+00 1.381084200000000095e+00 0.000000000000000000e+00 0.000000000000000000e+00 1.000000000000000000e+00 0.000000000000000000e+00
9.588254245706496759e-01 2.839961358837710947e-01 0.000000000000000000e+00 1.654397099999999954e+00 -2.839961358837710947e-01 9.588254245706496759e-01 0.000000000000000000e+00 1.884702199999999994e+00 0.000000000000000000e+00 0.000000000000000000e+00 1.000000000000000000e+00 0.000000000000000000e+00
9.602728551997127271e-01 2.790627950239721322e-01 0.000000000000000000e+00 1.830009100000000055e+00 -2.790627950239721322e-01 9.602728551997127271e-01 0.000000000000000000e+00 2.506320200000000220e+00 0.000000000000000000e+00 0.000000000000000000e+00 1.000000000000000000e+00 0.000000000000000000e+00
9.817336589858267626e-01 1.902604079000681514e-01 0.000000000000000000e+00 1.916165200000000013e+00 -1.902604079000681514e-01 9.817336589858267626e-01 0.000000000000000000e+00 3.037368799999999869e+00 0.000000000000000000e+00 0.000000000000000000e+00 1.000000000000000000e+00 0.000000000000000000e+00
9.999998051202790839e-01 -6.243071390312559610e-04 0.000000000000000000e+00 1.771081700000000092e+00 6.243071390312559610e-04 9.999998051202790839e-01 0.000000000000000000e+00 3.339750299999999950e+00 0.000000000000000000e+00 0.000000000000000000e+00 1.000000000000000000e+00 0.000000000000000000e+00
9.762671793837534029e-01 -2.165696064965957346e-01 0.000000000000000000e+00 1.583326500000000081e+00 2.165696064965957346e-01 9.762671793837534029e-01 0.000000000000000000e+00 3.767117299999999780e+00 0.000000000000000000e+00 0.000000000000000000e+00 1.000000000000000000e+00 0.000000000000000000e+00
-8.933740615412975039e-01 4.493136834831606974e-01 0.000000000000000000e+00 1.494227799999999995e+00 -4.493136834831606974e-01 -8.933740615412975039e-01 0.000000000000000000e+00 4.198776200000000181e+00 0.000000000000000000e+00 0.000000000000000000e+00 1.000000000000000000e+00 0.000000000000000000e+00
-8.284706764227933729e-01 5.600324439776317442e-01 0.000000000000000000e+00 1.024176500000000045e+00 -5.600324439776317442e-01 -8.284706764227933729e-01 0.000000000000000000e+00 4.678619000000000305e+00 0.000000000000000000e+00 0.000000000000000000e+00 1.000000000000000000e+00 0.000000000000000000e+00
-6.783380690833800131e-01 7.347499329923287137e-01 0.000000000000000000e+00 6.507183300000000115e-01 -7.347499329923287137e-01 -6.783380690833800131e-01 0.000000000000000000e+00 4.908523599999999654e+00 0.000000000000000000e+00 0.000000000000000000e+00 1.000000000000000000e+00 0.000000000000000000e+00
-5.501829948851457708e-01 8.350441138881297132e-01 0.000000000000000000e+00 3.542168399999999773e-01 -8.350441138881297132e-01 -5.501829948851457708e-01 0.000000000000000000e+00 5.306134700000000315e+00 0.000000000000000000e+00 0.000000000000000000e+00 1.000000000000000000e+00 0.000000000000000000e+00
-4.141892418890805172e-01 9.101907887379154793e-01 0.000000000000000000e+00 7.870435999999999752e-03 -9.101907887379154793e-01 -4.141892418890805172e-01 0.000000000000000000e+00 5.416167699999999918e+00 0.000000000000000000e+00 0.000000000000000000e+00 1.000000000000000000e+00 0.000000000000000000e+00
-1.820514516383276993e-01 9.832890058148608947e-01 0.000000000000000000e+00 -5.029033000000000531e-01 -9.832890058148608947e-01 -1.820514516383276993e-01 0.000000000000000000e+00 5.536094699999999591e+00 0.000000000000000000e+00 0.000000000000000000e+00 1.000000000000000000e+00 0.000000000000000000e+00
-5.869660917098756814e-02 9.982758677198544373e-01 0.000000000000000000e+00 -8.691921000000000230e-01 -9.982758677198544373e-01 -5.869660917098756814e-02 0.000000000000000000e+00 5.628080999999999889e+00 0.000000000000000000e+00 0.000000000000000000e+00 1.000000000000000000e+00 0.000000000000000000e+00
3.264518602490666943e-01 9.452138292153389187e-01 0.000000000000000000e+00 -1.296692799999999979e+00 -9.452138292153389187e-01 3.264518602490666943e-01 0.000000000000000000e+00 5.544435499999999628e+00 0.000000000000000000e+00 0.000000000000000000e+00 1.000000000000000000e+00 0.000000000000000000e+00
4.468991096042981837e-01 8.945843648504513412e-01 0.000000000000000000e+00 -1.701183300000000065e+00 -8.945843648504513412e-01 4.468991096042981837e-01 0.000000000000000000e+00 5.431094599999999772e+00 0.000000000000000000e+00 0.000000000000000000e+00 1.000000000000000000e+00 0.000000000000000000e+00
4.569499907217772217e-01 8.894923866899411280e-01 0.000000000000000000e+00 -1.985513599999999990e+00 -8.894923866899411280e-01 4.569499907217772217e-01 0.000000000000000000e+00 5.156225000000000058e+00 0.000000000000000000e+00 0.000000000000000000e+00 1.000000000000000000e+00 0.000000000000000000e+00
5.484044153457157122e-01 8.362132486568983891e-01 0.000000000000000000e+00 -1.983989100000000061e+00 -8.362132486568983891e-01 5.484044153457157122e-01 0.000000000000000000e+00 5.139413399999999577e+00 0.000000000000000000e+00 0.000000000000000000e+00 1.000000000000000000e+00 0.000000000000000000e+00
4.241734252514848813e-01 9.055809766721156784e-01 0.000000000000000000e+00 -2.407005799999999862e+00 -9.055809766721156784e-01 4.241734252514848813e-01 0.000000000000000000e+00 4.890443300000000271e+00 0.000000000000000000e+00 0.000000000000000000e+00 1.000000000000000000e+00 0.000000000000000000e+00
4.614721890883018429e-01 8.871546757460339050e-01 0.000000000000000000e+00 -2.883427900000000044e+00 -8.871546757460339050e-01 4.614721890883018429e-01 0.000000000000000000e+00 4.727234000000000158e+00 0.000000000000000000e+00 0.000000000000000000e+00 1.000000000000000000e+00 0.000000000000000000e+00
5.884191818301167665e-01 8.085560379184463242e-01 0.000000000000000000e+00 -3.232741600000000215e+00 -8.085560379184463242e-01 5.884191818301167665e-01 0.000000000000000000e+00 4.457474000000000380e+00 0.000000000000000000e+00 0.000000000000000000e+00 1.000000000000000000e+00 0.000000000000000000e+00
6.417617091456283562e-01 7.669041065703599003e-01 0.000000000000000000e+00 -3.484995599999999971e+00 -7.669041065703599003e-01 6.417617091456283562e-01 0.000000000000000000e+00 4.221180000000000376e+00 0.000000000000000000e+00 0.000000000000000000e+00 1.000000000000000000e+00 0.000000000000000000e+00
6.315147298677660226e-01 7.753638797107087477e-01 0.000000000000000000e+00 -3.883402799999999822e+00 -7.753638797107087477e-01 6.315147298677660226e-01 0.000000000000000000e+00 3.939586199999999927e+00 0.000000000000000000e+00 0.000000000000000000e+00 1.000000000000000000e+00 0.000000000000000000e+00
4.933222916957011872e-01 8.698466051644402341e-01 0.000000000000000000e+00 -4.306277999999999828e+00 -8.698466051644402341e-01 4.933222916957011872e-01 0.000000000000000000e+00 3.635018800000000105e+00 0.000000000000000000e+00 0.000000000000000000e+00 1.000000000000000000e+00 0.000000000000000000e+00
4.210191692456565216e-01 9.070517400499803484e-01 0.000000000000000000e+00 -4.831668999999999770e+00 -9.070517400499803484e-01 4.210191692456565216e-01 0.000000000000000000e+00 3.212934300000000132e+00 0.000000000000000000e+00 0.000000000000000000e+00 1.000000000000000000e+00 0.000000000000000000e+00
3.681234514048106754e-01 9.297769219150419095e-01 0.000000000000000000e+00 -5.175596999999999781e+00 -9.297769219150419095e-01 3.681234514048106754e-01 0.000000000000000000e+00 2.995849799999999785e+00 0.000000000000000000e+00 0.000000000000000000e+00 1.000000000000000000e+00 0.000000000000000000e+00
4.314898548009589163e-01 9.021177889853670973e-01 0.000000000000000000e+00 -5.711928399999999684e+00 -9.021177889853670973e-01 4.314898548009589163e-01 0.000000000000000000e+00 2.817846799999999874e+00 0.000000000000000000e+00 0.000000000000000000e+00 1.000000000000000000e+00 0.000000000000000000e+00
3.029700412252948061e-01 9.530000808604074392e-01 0.000000000000000000e+00 -6.302076300000000408e+00 -9.530000808604074392e-01 3.029700412252948061e-01 0.000000000000000000e+00 2.616007000000000193e+00 0.000000000000000000e+00 0.000000000000000000e+00 1.000000000000000000e+00 0.000000000000000000e+00
1.877998253682041929e-01 9.822073231205680210e-01 0.000000000000000000e+00 -6.656879400000000224e+00 -9.822073231205680210e-01 1.877998253682041929e-01 0.000000000000000000e+00 2.439162699999999795e+00 0.000000000000000000e+00 0.000000000000000000e+00 1.000000000000000000e+00 0.000000000000000000e+00
1.826340851911670560e-01 9.831809553314108108e-01 0.000000000000000000e+00 -7.158511999999999986e+00 -9.831809553314108108e-01 1.826340851911670560e-01 0.000000000000000000e+00 2.403961199999999909e+00 0.000000000000000000e+00 0.000000000000000000e+00 1.000000000000000000e+00 0.000000000000000000e+00
2.338679191362231236e-01 9.722683767349903361e-01 0.000000000000000000e+00 -7.505442600000000297e+00 -9.722683767349903361e-01 2.338679191362231236e-01 0.000000000000000000e+00 2.320315100000000186e+00 0.000000000000000000e+00 0.000000000000000000e+00 1.000000000000000000e+00 0.000000000000000000e+00
2.433264732444653522e-01 9.699444455320163083e-01 0.000000000000000000e+00 -8.056058000000000163e+00 -9.699444455320163083e-01 2.433264732444653522e-01 0.000000000000000000e+00 2.219846200000000103e+00 0.000000000000000000e+00 0.000000000000000000e+00 1.000000000000000000e+00 0.000000000000000000e+00
4.271927104099784156e-01 9.041605986618618251e-01 0.000000000000000000e+00 -8.695696999999999122e+00 -9.041605986618618251e-01 4.271927104099784156e-01 0.000000000000000000e+00 2.345232999999999901e+00 0.000000000000000000e+00 0.000000000000000000e+00 1.000000000000000000e+00 0.000000000000000000e+00
3.915265803296888447e-01 9.201667984095817099e-01 0.000000000000000000e+00 -9.256126000000000076e+00 -9.201667984095817099e-01 3.915265803296888447e-01 0.000000000000000000e+00 2.152600800000000092e+00 0.000000000000000000e+00 0.000000000000000000e+00 1.000000000000000000e+00 0.000000000000000000e+00
1.979064201628861763e-01 9.802209183945785886e-01 0.000000000000000000e+00 -9.812196999999999392e+00 -9.802209183945785886e-01 1.979064201628861763e-01 0.000000000000000000e+00 1.928613399999999922e+00 0.000000000000000000e+00 0.000000000000000000e+00 1.000000000000000000e+00 0.000000000000000000e+00
2.967037693804704390e-01 9.549695666540481964e-01 0.000000000000000000e+00 -1.055587200000000081e+01 -9.549695666540481964e-01 2.967037693804704390e-01 0.000000000000000000e+00 1.789742600000000072e+00 0.000000000000000000e+00 0.000000000000000000e+00 1.000000000000000000e+00 0.000000000000000000e+00
3.239234781970442567e-01 9.460832840044944847e-01 0.000000000000000000e+00 -1.096943199999999941e+01 -9.460832840044944847e-01 3.239234781970442567e-01 0.000000000000000000e+00 1.500369499999999912e+00 0.000000000000000000e+00 0.000000000000000000e+00 1.000000000000000000e+00 0.000000000000000000e+00
4.358555339968091524e-01 9.000166406708024480e-01 0.000000000000000000e+00 -1.106089200000000083e+01 -9.000166406708024480e-01 4.358555339968091524e-01 0.000000000000000000e+00 1.579537399999999980e+00 0.000000000000000000e+00 0.000000000000000000e+00 1.000000000000000000e+00 0.000000000000000000e+00
4.536466585520505523e-01 8.911816364718021521e-01 0.000000000000000000e+00 -1.145015700000000081e+01 -8.911816364718021521e-01 4.536466585520505523e-01 0.000000000000000000e+00 1.205463900000000033e+00 0.000000000000000000e+00 0.000000000000000000e+00 1.000000000000000000e+00 0.000000000000000000e+00
5.057043689456288682e-01 8.627068396792175742e-01 0.000000000000000000e+00 -1.166145900000000069e+01 -8.627068396792175742e-01 5.057043689456288682e-01 0.000000000000000000e+00 7.570193400000000405e-01 0.000000000000000000e+00 0.000000000000000000e+00 1.000000000000000000e+00 0.000000000000000000e+00
6.482757105452366941e-01 7.614056757846427992e-01 0.000000000000000000e+00 -1.193457899999999938e+01 -7.614056757846427992e-01 6.482757105452366941e-01 0.000000000000000000e+00 3.800611999999999879e-01 0.000000000000000000e+00 0.000000000000000000e+00 1.000000000000000000e+00 0.000000000000000000e+00
7.880716527925880621e-01 6.155835199749570830e-01 0.000000000000000000e+00 -1.229218000000000011e+01 -6.155835199749570830e-01 7.880716527925880621e-01 0.000000000000000000e+00 3.165691999999999812e-02 0.000000000000000000e+00 0.000000000000000000e+00 1.000000000000000000e+00 0.000000000000000000e+00
8.729418098749176513e-01 4.878243501223603618e-01 0.000000000000000000e+00 -1.229400000000000048e+01 -4.878243501223603618e-01 8.729418098749176513e-01 0.000000000000000000e+00 -3.592640799999999857e-01 0.000000000000000000e+00 0.000000000000000000e+00 1.000000000000000000e+00 0.000000000000000000e+00
9.247870886036484439e-01 3.804850072630820423e-01 0.000000000000000000e+00 -1.235314400000000035e+01 -3.804850072630820423e-01 9.247870886036484439e-01 0.000000000000000000e+00 -7.521617999999999915e-01 0.000000000000000000e+00 0.000000000000000000e+00 1.000000000000000000e+00 0.000000000000000000e+00
9.879193458743756873e-01 1.549689196166304517e-01 0.000000000000000000e+00 -1.252639800000000037e+01 -1.549689196166304517e-01 9.879193458743756873e-01 0.000000000000000000e+00 -1.012221800000000060e+00 0.000000000000000000e+00 0.000000000000000000e+00 1.000000000000000000e+00 0.000000000000000000e+00
9.931018464609882024e-01 -1.172549468285917218e-01 0.000000000000000000e+00 -1.253278500000000051e+01 1.172549468285917218e-01 9.931018464609882024e-01 0.000000000000000000e+00 -1.440292600000000034e+00 0.000000000000000000e+00 0.000000000000000000e+00 1.000000000000000000e+00 0.000000000000000000e+00
9.702864086845006675e-01 -2.419592633526027325e-01 0.000000000000000000e+00 -1.249409700000000001e+01 2.419592633526027325e-01 9.702864086845006675e-01 0.000000000000000000e+00 -1.765160999999999980e+00 0.000000000000000000e+00 0.000000000000000000e+00 1.000000000000000000e+00 0.000000000000000000e+00
-9.282774610073818433e-01 3.718883641439844623e-01 0.000000000000000000e+00 -1.231826399999999921e+01 -3.718883641439844623e-01 -9.282774610073818433e-01 0.000000000000000000e+00 -2.184354299999999860e+00 0.000000000000000000e+00 0.000000000000000000e+00 1.000000000000000000e+00 0.000000000000000000e+00
-8.895537348111229869e-01 4.568305516092177609e-01 0.000000000000000000e+00 -1.207430500000000073e+01 -4.568305516092177609e-01 -8.895537348111229869e-01 0.000000000000000000e+00 -2.567088399999999826e+00 0.000000000000000000e+00 0.000000000000000000e+00 1.000000000000000000e+00 0.000000000000000000e+00
-8.521663018510355903e-01 5.232710521226352496e-01 0.000000000000000000e+00 -1.179535800000000023e+01 -5.232710521226352496e-01 -8.521663018510355903e-01 0.000000000000000000e+00 -3.009686199999999978e+00 0.000000000000000000e+00 0.000000000000000000e+00 1.000000000000000000e+00 0.000000000000000000e+00
-7.646714680248567486e-01 6.444203177963203633e-01 0.000000000000000000e+00 -1.141547899999999949e+01 -6.444203177963203633e-01 -7.646714680248567486e-01 0.000000000000000000e+00 -3.428386399999999945e+00 0.000000000000000000e+00 0.000000000000000000e+00 1.000000000000000000e+00 0.000000000000000000e+00
-5.735708069833517220e-01 8.191559859858601467e-01 0.000000000000000000e+00 -1.116744899999999951e+01 -8.191559859858601467e-01 -5.735708069833517220e-01 0.000000000000000000e+00 -3.499448300000000067e+00 0.000000000000000000e+00 0.000000000000000000e+00 1.000000000000000000e+00 0.000000000000000000e+00
-3.599239376176956440e-01 9.329816499426840659e-01 0.000000000000000000e+00 -1.075805949999999989e+01 -9.329816499426840659e-01 -3.599239376176956440e-01 0.000000000000000000e+00 -3.551357700000000062e+00 0.000000000000000000e+00 0.000000000000000000e+00 1.000000000000000000e+00 0.000000000000000000e+00
-1.417285420578694166e-01 9.899055613371160467e-01 0.000000000000000000e+00 -1.011510900000000035e+01 -9.899055613371160467e-01 -1.417285420578694166e-01 0.000000000000000000e+00 -3.435705399999999798e+00 0.000000000000000000e+00 0.000000000000000000e+00 1.000000000000000000e+00 0.000000000000000000e+00
-4.524631352559926184e-02 9.989758611259549337e-01 0.000000000000000000e+00 -9.501875000000000071e+00 -9.989758611259549337e-01 -4.524631352559926184e-02 0.000000000000000000e+00 -3.494912100000000077e+00 0.000000000000000000e+00 0.000000000000000000e+00 1.000000000000000000e+00 0.000000000000000000e+00
7.467705110287896353e-02 9.972077707471889152e-01 0.000000000000000000e+00 -9.229777000000000342e+00 -9.972077707471889152e-01 7.467705110287896353e-02 0.000000000000000000e+00 -3.540723999999999982e+00 0.000000000000000000e+00 0.000000000000000000e+00 1.000000000000000000e+00 0.000000000000000000e+00
-1.947487484968564997e-01 -9.808531617723971197e-01 0.000000000000000000e+00 -8.737114999999999299e+00 9.808531617723971197e-01 -1.947487484968564997e-01 0.000000000000000000e+00 -3.308479800000000193e+00 0.000000000000000000e+00 0.000000000000000000e+00 1.000000000000000000e+00 0.000000000000000000e+00
