9.999999892642348343e-01 1.465316694756234675e-04 0.000000000000000000e+00 -8.000000000000000000e+00 -1.465316694756234675e-04 9.999999892642348343e-01 0.000000000000000000e+00 5.000000000000000000e+00 0.000000000000000000e+00 0.000000000000000000e+00 1.000000000000000000e+00 0.000000000000000000e+00
9.987932503512947369e-01 -4.911255493960561130e-02 0.000000000000000000e+00 -8.045481999999999800e+00 4.911255493960561130e-02 9.987932503512947369e-01 0.000000000000000000e+00 4.553829999999999600e+00 0.000000000000000000e+00 0.000000000000000000e+00 1.000000000000000000e+00 0.000000000000000000e+00
9.929587810569727724e-01 -1.184603694146305203e-01 0.000000000000000000e+00 -8.068796000000000745e+00 1.184603694146305203e-01 9.929587810569727724e-01 0.000000000000000000e+00 4.108203399999999839e+00 0.000000000000000000e+00 0.000000000000000000e+00 1.000000000000000000e+00 0.000000000000000000e+00
9.733634587152976136e-01 -2.292674796777622037e-01 0.000000000000000000e+00 -8.049088499999999868e+00 2.292674796777622037e-01 9.733634587152976136e-01 0.000000000000000000e+00 3.729529100000000152e+00 0.000000000000000000e+00 0.000000000000000000e+00 1.000000000000000000e+00 0.000000000000000000e+00
9.388219856366547544e-01 -3.444027864074980516e-01 0.000000000000000000e+00 -7.979518399999999900e+00 3.444027864074980516e-01 9.388219856366547544e-01 0.000000000000000000e+00 3.359672300000000167e+00 0.000000000000000000e+00 0.000000000000000000e+00 1.000000000000000000e+00 0.000000000000000000e+00
8.698246682228946147e-01 -4.933609698293242030e-01 0.000000000000000000e+00 -7.786948699999999945e+00 4.933609698293242030e-01 8.698246682228946147e-01 0.000000000000000000e+00 2.822510999999999992e+00 0.000000000000000000e+00 0.000000000000000000e+00 1.000000000000000000e+00 0.000000000000000000e+00
8.793322966626081483e-01 -4.762086853954503041e-01 0.000000000000000000e+00 -7.352668999999999677e+00 4.762086853954503041e-01 8.793322966626081483e-01 0.000000000000000000e+00 2.365449200000000030e+00 0.000000000000000000e+00 0.000000000000000000e+00 1.000000000000000000e+00 0.000000000000000000e+00
8.656900470410180404e-01 -5.005804055834786048e-01 0.000000000000000000e+00 -7.104535000000000267e+00 5.005804055834786048e-01 8.656900470410180404e-01 0.000000000000000000e+00 1.887128399999999928e+00 0.000000000000000000e+00 0.000000000000000000e+00 1.000000000000000000e+00 0.000000000000000000e+00
7.615762327872811488e-01 -6.480753364027465047e-01 0.000000000000000000e+00 -6.844346500000000333e+00 6.480753364027465047e-01 7.615762327872811488e-01 0.000000000000000000e+00 1.477364200000000016e+00 0.000000000000000000e+00 0.000000000000000000e+00 1.000000000000000000e+00 0.000000000000000000e+00
6.654392220857189288e-01 -7.464520357731990741e-01 0.000000000000000000e+00 -6.513040499999999788e+00 7.464520357731990741e-01 6.654392220857189288e-01 0.000000000000000000e+00 1.037488600000000094e+00 0.000000000000000000e+00 0.000000000000000000e+00 1.000000000000000000e+00 0.000000000000000000e+00
5.888834326981478018e-01 -8.082179796896664659e-01 0.000000000000000000e+00 -6.071723999999999677e+00 8.082179796896664659e-01 5.888834326981478018e-01 0.000000000000000000e+00 7.802698599999999818e-01 0.000000000000000000e+00 0.000000000000000000e+00 1.000000000000000000e+00 0.000000000000000000e+00
7.240188541911320996e-01 -6.897801814895526684e-01 0.000000000000000000e+00 -5.780435599999999674e+00 6.897801814895526684e-01 7.240188541911320996e-01 0.000000000000000000e+00 4.716434199999999799e-01 0.000000000000000000e+00 0.000000000000000000e+00 1.000000000000000000e+00 0.000000000000000000e+00
7.256009824934862573e-01 -6.881156982691846169e-01 0.000000000000000000e+00 -5.409778600000000104e+00 6.881156982691846169e-01 7.256009824934862573e-01 0.000000000000000000e+00 2.019755400000000090e-01 0.000000000000000000e+00 0.000000000000000000e+00 1.000000000000000000e+00 0.000000000000000000e+00
6.816845088506691130e-01 -7.316462467566016148e-01 0.000000000000000000e+00 -5.085708999999999591e+00 7.316462467566016148e-01 6.816845088506691130e-01 0.000000000000000000e+00 -4.265200199999999997e-01 0.000000000000000000e+00 0.000000000000000000e+00 1.000000000000000000e+00 0.000000000000000000e+00
5.000319137329035657e-01 -8.660069775981080742e-01 0.000000000000000000e+00 -4.701915999999999762e+00 8.660069775981080742e-01 5.000319137329035657e-01 0.000000000000000000e+00 -6.455771000000000148e-01 0.000000000000000000e+00 0.000000000000000000e+00 1.000000000000000000e+00 0.000000000000000000e+00
5.103992693990652141e-01 -8.599375476143023000e-01 0.000000000000000000e+00 -4.259316000000000102e+00 8.599375476143023000e-01 5.103992693990652141e-01 0.000000000000000000e+00 -9.499398500000000301e-01 0.000000000000000000e+00 0.000000000000000000e+00 1.000000000000000000e+00 0.000000000000000000e+00
4.130210908032087569e-01 -9.107214604651235890e-01 0.000000000000000000e+00 -4.039869000000000376e+00 9.107214604651235890e-01 4.130210908032087569e-01 0.000000000000000000e+00 -1.212787899999999919e+00 0.000000000000000000e+00 0.000000000000000000e+00 1.000000000000000000e+00 0.000000000000000000e+00
3.830246366300856797e-01 -9.237381272494877837e-01 0.000000000000000000e+00 -3.370629300000000050e+00 9.237381272494877837e-01 3.830246366300856797e-01 0.000000000000000000e+00 -1.428785399999999983e+00 0.000000000000000000e+00 0.000000000000000000e+00 1.000000000000000000e+00 0.000000000000000000e+00
4.421283206412056077e-01 -8.969518092333541581e-01 0.000000000000000000e+00 -2.925325400000000187e+00 8.969518092333541581e-01 4.421283206412056077e-01 0.000000000000000000e+00 -1.775254099999999946e+00 0.000000000000000000e+00 0.000000000000000000e+00 1.000000000000000000e+00 0.000000000000000000e+00
4.171095976972160613e-01 -9.088561951754889900e-01 0.000000000000000000e+00 -2.510346000000000188e+00 9.088561951754889900e-01 4.171095976972160613e-01 0.000000000000000000e+00 -1.724960100000000107e+00 0.000000000000000000e+00 0.000000000000000000e+00 1.000000000000000000e+00 0.000000000000000000e+00
2.777138496378996901e-01 -9.606638422045965520e-01 0.000000000000000000e+00 -2.524269599999999780e+00 9.606638422045965520e-01 2.777138496378996901e-01 0.000000000000000000e+00 -1.821711099999999917e+00 0.000000000000000000e+00 0.000000000000000000e+00 1.000000000000000000e+00 0.000000000000000000e+00
2.335332435329045275e-01 -9.723488181537534025e-01 0.000000000000000000e+00 -2.247252500000000097e+00 9.723488181537534025e-01 2.335332435329045275e-01 0.000000000000000000e+00 -1.807461299999999937e+00 0.000000000000000000e+00 0.000000000000000000e+00 1.000000000000000000e+00 0.000000000000000000e+00
1.691855293460112486e-01 -9.855842209876890525e-01 0.000000000000000000e+00 -1.776488899999999926e+00 9.855842209876890525e-01 1.691855293460112486e-01 0.000000000000000000e+00 -1.823806500000000108e+00 0.000000000000000000e+00 0.000000000000000000e+00 1.000000000000000000e+00 0.000000000000000000e+00
-6.902225089389633916e-02 -9.976151206159317164e-01 0.000000000000000000e+00 -1.325737100000000002e+00 9.976151206159317164e-01 -6.902225089389633916e-02 0.000000000000000000e+00 -1.734288000000000052e+00 0.000000000000000000e+00 0.000000000000000000e+00 1.000000000000000000e+00 0.000000000000000000e+00
-2.426722284727952927e-01 -9.701083390673680418e-01 0.000000000000000000e+00 -8.561902000000000124e-01 9.701083390673680418e-01 -2.426722284727952927e-01 0.000000000000000000e+00 -1.650823600000000058e+00 0.000000000000000000e+00 0.000000000000000000e+00 1.000000000000000000e+00 0.000000000000000000e+00
-3.577753621867577616e-01 -9.338076837401447783e-01 0.000000000000000000e+00 -5.121141999999999639e-01 9.338076837401447783e-01 -3.577753621867577616e-01 0.000000000000000000e+00 -1.478560799999999897e+00 0.000000000000000000e+00 0.000000000000000000e+00 1.000000000000000000e+00 0.000000000000000000e+00
-4.971592663088987285e-01 -8.676593017557049370e-01 0.000000000000000000e+00 -3.016836999999999991e-01 8.676593017557049370e-01 -4.971592663088987285e-01 0.000000000000000000e+00 -1.255882299999999896e+00 0.000000000000000000e+00 0.000000000000000000e+00 1.000000000000000000e+00 0.000000000000000000e+00
-5.849135530538378536e-01 -8.110956389069881034e-01 0.000000000000000000e+00 -1.694246699999999994e-01 8.110956389069881034e-01 -5.849135530538378536e-01 0.000000000000000000e+00 -1.056740299999999966e+00 0.000000000000000000e+00 0.000000000000000000e+00 1.000000000000000000e+00 0.000000000000000000e+00
-7.380180009936553320e-01 -6.747810238954033979e-01 0.000000000000000000e+00 5.985528200000000271e-02 6.747810238954033979e-01 -7.380180009936553320e-01 0.000000000000000000e+00 -7.226355700000000049e-01 0.000000000000000000e+00 0.000000000000000000e+00 1.000000000000000000e+00 0.000000000000000000e+00
-8.712114775976550485e-01 -4.909078949274605086e-01 0.000000000000000000e+00 4.392644499999999730e-01 4.909078949274605086e-01 -8.712114775976550485e-01 0.000000000000000000e+00 -3.527527500000000038e-01 0.000000000000000000e+00 0.000000000000000000e+00 1.000000000000000000e+00 0.000000000000000000e+00
9.242770929336520114e-01 3.817222229293406599e-01 0.000000000000000000e+00 6.089664999999999662e-01 -3.817222229293406599e-01 9.242770929336520114e-01 0.000000000000000000e+00 -4.429664500000000255e-02 0.000000000000000000e+00 0.000000000000000000e+00 1.000000000000000000e+00 0.000000000000000000e+00
9.372672117766982502e-01 3.486117808226420478e-01 0.000000000000000000e+00 6.782247000000000137e-01 -3.486117808226420478e-01 9.372672117766982502e-01 0.000000000000000000e+00 4.857962000000000113e-01 0.000000000000000000e+00 0.000000000000000000e+00 1.000000000000000000e+00 0.000000000000000000e+00
9.289880952240739953e-01 3.701096039444895514e-01 0.000000000000000000e+00 7.282726000000000477e-01 -3.701096039444895514e-01 9.289880952240739953e-01 0.000000000000000000e+00 8.916121000000000185e-01 0.000000000000000000e+00 0.000000000000000000e+00 1.000000000000000000e+00 0.000000000000000000e+00
9.938431151267159702e-01 1.107964914391477290e-01 0.000000000000000000e+00 9.027533500000000100e-01 -1.107964914391477290e-01 9.938431151267159702e-01 0.000000000000000000e+00 1.090999400000000064e+00 0.000000000000000000e+00 0.000000000000000000e+00 1.000000000000000000e+00 0.000000000000000000e+00
9.915503679157090522e-01 -1.297222721286597213e-01 0.000000000000000000e+00 7.417505399999999582e-01 1.297222721286597213e-01 9.915503679157090522e-01 0.000000000000000000e+00 1.537347599999999925e+00 0.000000000000000000e+00 0.000000000000000000e+00 1.000000000000000000e+00 0.000000000000000000e+00
9.411964329224051795e-01 -3.378598446902804087e-01 0.000000000000000000e+00 6.186116999999999866e-01 3.378598446902804087e-01 9.411964329224051795e-01 0.000000000000000000e+00 1.994325200000000020e+00 0.000000000000000000e+00 0.000000000000000000e+00 1.000000000000000000e+00 0.000000000000000000e+00
8.383782065332866518e-01 -5.450889677933592470e-01 0.000000000000000000e+00 3.646839599999999737e-01 5.450889677933592470e-01 8.383782065332866518e-01 0.000000000000000000e+00 2.280934300000000192e+00 0.000000000000000000e+00 0.000000000000000000e+00 1.000000000000000000e+00 0.000000000000000000e+00
7.185145749254626679e-01 -6.955119018533627573e-01 0.000000000000000000e+00 2.036968899999999916e-01 6.955119018533627573e-01 7.185145749254626679e-01 0.000000000000000000e+00 2.685180200000000017e+00 0.000000000000000000e+00 0.000000000000000000e+00 1.000000000000000000e+00 0.000000000000000000e+00
6.940885477729297204e-01 -7.198896358821020858e-01 0.000000000000000000e+00 2.563905400000000140e-03 7.198896358821020858e-01 6.940885477729297204e-01 0.000000000000000000e+00 3.036013099999999909e+00 0.000000000000000000e+00 0.000000000000000000e+00 1.000000000000000000e+00 0.000000000000000000e+00
6.817900490446098249e-01 -7.315478993365700511e-01 0.000000000000000000e+00 -3.749138399999999982e-01 7.315478993365700511e-01 6.817900490446098249e-01 0.000000000000000000e+00 3.458803399999999861e+00 0.000000000000000000e+00 0.000000000000000000e+00 1.000000000000000000e+00 0.000000000000000000e+00
-6.995716574202317517e-01 7.145624508286940735e-01 0.000000000000000000e+00 -2.738734999999999919e-01 -7.145624508286940735e-01 -6.995716574202317517e-01 0.000000000000000000e+00 3.327098100000000169e+00 0.000000000000000000e+00 0.000000000000000000e+00 1.000000000000000000e+00 0.000000000000000000e+00
5.703114974378342694e-01 -8.214285092996317372e-01 0.000000000000000000e+00 -8.850784000000000429e-01 8.214285092996317372e-01 5.703114974378342694e-01 0.000000000000000000e+00 3.736683000000000199e+00 0.000000000000000000e+00 0.000000000000000000e+00 1.000000000000000000e+00 0.000000000000000000e+00
4.121927946036516577e-01 -9.110966469463225303e-01 0.000000000000000000e+00 -1.283429099999999989e+00 9.110966469463225303e-01 4.121927946036516577e-01 0.000000000000000000e+00 3.930489300000000075e+00 0.000000000000000000e+00 0.000000000000000000e+00 1.000000000000000000e+00 0.000000000000000000e+00
3.230937197415211792e-01 -9.463669733584257893e-01 0.000000000000000000e+00 -1.743263400000000019e+00 9.463669733584257893e-01 3.230937197415211792e-01 0.000000000000000000e+00 4.251811499999999633e+00 0.000000000000000000e+00 0.000000000000000000e+00 1.000000000000000000e+00 0.000000000000000000e+00
2.221451259715597759e-01 -9.750136117034878813e-01 0.000000000000000000e+00 -2.224221000000000004e+00 9.750136117034878813e-01 2.221451259715597759e-01 0.000000000000000000e+00 4.507547999999999888e+00 0.000000000000000000e+00 0.000000000000000000e+00 1.000000000000000000e+00 0.000000000000000000e+00
1.658395800141108101e-01 -9.861527435954043908e-01 0.000000000000000000e+00 -2.712393000000000054e+00 9.861527435954043908e-01 1.658395800141108101e-01 0.000000000000000000e+00 4.534132500000000121e+00 0.000000000000000000e+00 0.000000000000000000e+00 1.000000000000000000e+00 0.000000000000000000e+00
1.418044214562453331e-01 -9.898946944273716575e-01 0.000000000000000000e+00 -3.099130999999999858e+00 9.898946944273716575e-01 1.418044214562453331e-01 0.000000000000000000e+00 4.557627700000000281e+00 0.000000000000000000e+00 0.000000000000000000e+00 1.000000000000000000e+00 0.000000000000000000e+00
2.323892741841968382e-02 -9.997299396599270693e-01 0.000000000000000000e+00 -3.623875599999999864e+00 9.997299396599270693e-01 2.323892741841968382e-02 0.000000000000000000e+00 4.848825500000000233e+00 0.000000000000000000e+00 0.000000000000000000e+00 1.000000000000000000e+00 0.000000000000000000e+00
-9.751775422669542448e-02 -9.952337854045057997e-01 0.000000000000000000e+00 -4.097739699999999985e+00 9.952337854045057997e-01 -9.751775422669542448e-02 0.000000000000000000e+00 4.813594300000000104e+00 0.000000000000000000e+00 0.000000000000000000e+00 1.000000000000000000e+00 0.000000000000000000e+00
-1.190201711712446514e-01 -9.928918364325328705e-01 0.000000000000000000e+00 -4.675723600000000424e+00 9.928918364325328705e-01 -1.190201711712446514e-01 0.000000000000000000e+00 4.792494999999999727e+00 0.000000000000000000e+00 0.000000000000000000e+00 1.000000000000000000e+00 0.000000000000000000e+00
-1.958851250271695654e-01 -9.806268494147456494e-01 0.000000000000000000e+00 -5.124813999999999758e+00 9.806268494147456494e-01 -1.958851250271695654e-01 0.000000000000000000e+00 4.829351400000000183e+00 0.000000000000000000e+00 0.000000000000000000e+00 1.000000000000000000e+00 0.000000000000000000e+00
-1.619209486562196154e-01 -9.868037324545696487e-01 0.000000000000000000e+00 -5.567827000000000304e+00 9.868037324545696487e-01 -1.619209486562196154e-01 0.000000000000000000e+00 4.663044499999999815e+00 0.000000000000000000e+00 0.000000000000000000e+00 1.000000000000000000e+00 0.000000000000000000e+00
-3.481044998883872088e-01 -9.374557361056872207e-01 0.000000000000000000e+00 -6.033513499999999752e+00 9.374557361056872207e-01 -3.481044998883872088e-01 0.000000000000000000e+00 4.636713000000000306e+00 0.000000000000000000e+00 0.000000000000000000e+00 1.000000000000000000e+00 0.000000000000000000e+00
-3.915799000350871362e-01 -9.201441093049018694e-01 0.000000000000000000e+00 -6.324654599999999682e+00 9.201441093049018694e-01 -3.915799000350871362e-01 0.000000000000000000e+00 4.665227400000000024e+00 0.000000000000000000e+00 0.000000000000000000e+00 1.000000000000000000e+00 0.000000000000000000e+00
-4.858272591623891690e-01 -8.740548462509436511e-01 0.000000000000000000e+00 -6.643361600000000422e+00 8.740548462509436511e-01 -4.858272591623891690e-01 0.000000000000000000e+00 4.423161999999999594e+00 0.000000000000000000e+00 0.000000000000000000e+00 1.000000000000000000e+00 0.000000000000000000e+00
-5.659193997172315971e-01 -8.244605709333152621e-01 0.000000000000000000e+00 -7.182537599999999856e+00 8.244605709333152621e-01 -5.659193997172315971e-01 0.000000000000000000e+00 4.357755700000000232e+00 0.000000000000000000e+00 0.000000000000000000e+00 1.000000000000000000e+00 0.000000000000000000e+00
-6.616685958720994742e-01 -7.497964185274855753e-01 0.000000000000000000e+00 -7.670276999999999568e+00 7.497964185274855753e-01 -6.616685958720994742e-01 0.000000000000000000e+00 4.050976000000000354e+00 0.000000000000000000e+00 0.000000000000000000e+00 1.000000000000000000e+00 0.000000000000000000e+00
-7.224300683314921478e-01 -6.914439936614935611e-01 0.000000000000000000e+00 -7.902190000000000047e+00 6.914439936614935611e-01 -7.224300683314921478e-01 0.000000000000000000e+00 3.744781699999999880e+00 0.000000000000000000e+00 0.000000000000000000e+00 1.000000000000000000e+00 0.000000000000000000e+00
-9.375014111700137320e-01 -3.479814708489991637e-01 0.000000000000000000e+00 -8.255150000000000432e+00 3.479814708489991637e-01 -9.375014111700137320e-01 0.000000000000000000e+00 3.348568199999999884e+00 0.000000000000000000e+00 0.000000000000000000e+00 1.000000000000000000e+00 0.000000000000000000e+00
-9.680837858427381315e-01 -2.506267814667690885e-01 0.000000000000000000e+00 -8.417255000000000820e+00 2.506267814667690885e-01 -9.680837858427381315e-01 0.000000000000000000e+00 3.002939500000000095e+00 0.000000000000000000e+00 0.000000000000000000e+00 1.000000000000000000e+00 0.000000000000000000e+00
1.864730711688711018e-01 -9.824600723331453622e-01 0.000000000000000000e+00 -8.312208000000000041e+00 9.824600723331453622e-01 1.864730711688711018e-01 0.000000000000000000e+00 3.090679999999999872e+00 0.000000000000000000e+00 0.000000000000000000e+00 1.000000000000000000e+00 0.000000000000000000e+00
-9.779411753571594090e-01 2.088804862620191882e-01 0.000000000000000000e+00 -8.247486000000000317e+00 -2.088804862620191882e-01 -9.779411753571594090e-01 0.000000000000000000e+00 2.703679600000000072e+00 0.000000000000000000e+00 0.000000000000000000e+00 1.000000000000000000e+00 0.000000000000000000e+00
-8.593299591823834183e-01 5.114215690128871561e-01 0.000000000000000000e+00 -8.193289000000000044e+00 -5.114215690128871561e-01 -8.593299591823834183e-01 0.000000000000000000e+00 2.348569400000000140e+00 0.000000000000000000e+00 0.000000000000000000e+00 1.000000000000000000e+00 0.000000000000000000e+00
-6.634140429846592246e-01 7.482525025489381587e-01 0.000000000000000000e+00 -7.934559300000000093e+00 -7.482525025489381587e-01 -6.634140429846592246e-01 0.000000000000000000e+00 1.928075100000000042e+00 0.000000000000000000e+00 0.000000000000000000e+00 1.000000000000000000e+00 0.000000000000000000e+00
-3.386014713875220572e-01 9.409298823898649689e-01 0.000000000000000000e+00 -7.501871600000000306e+00 -9.409298823898649689e-01 -3.386014713875220572e-01 0.000000000000000000e+00 1.719374699999999923e+00 0.000000000000000000e+00 0.000000000000000000e+00 1.000000000000000000e+00 0.000000000000000000e+00
-4.770675840106244209e-02 9.988613843786647850e-01 0.000000000000000000e+00 -7.012482999999999578e+00 -9.988613843786647850e-01 -4.770675840106244209e-02 0.000000000000000000e+00 1.790916200000000069e+00 0.000000000000000000e+00 0.000000000000000000e+00 1.000000000000000000e+00 0.000000000000000000e+00
1.339752592171928880e-01 9.909846769338495065e-01 0.000000000000000000e+00 -6.379877600000000371e+00 -9.909846769338495065e-01 1.339752592171928880e-01 0.000000000000000000e+00 1.799316300000000091e+00 0.000000000000000000e+00 0.000000000000000000e+00 1.000000000000000000e+00 0.000000000000000000e+00
3.753745358851923730e-01 9.268732156066310512e-01 0.000000000000000000e+00 -5.872412699999999930e+00 -9.268732156066310512e-01 3.753745358851923730e-01 0.000000000000000000e+00 1.966797799999999929e+00 0.000000000000000000e+00 0.000000000000000000e+00 1.000000000000000000e+00 0.000000000000000000e+00
6.644456134755106769e-01 7.473366221008791443e-01 0.000000000000000000e+00 -5.710854499999999945e+00 -7.473366221008791443e-01 6.644456134755106769e-01 0.000000000000000000e+00 2.284278399999999820e+00 0.000000000000000000e+00 0.000000000000000000e+00 1.000000000000000000e+00 0.000000000000000000e+00
8.832623675470356872e-01 4.688790783082619762e-01 0.000000000000000000e+00 -5.528900600000000054e+00 -4.688790783082619762e-01 8.832623675470356872e-01 0.000000000000000000e+00 2.739502700000000068e+00 0.000000000000000000e+00 0.000000000000000000e+00 1.000000000000000000e+00 0.000000000000000000e+00
-9.935571370929709989e-01 -1.133323225369496645e-01 0.000000000000000000e+00 -5.329463999999999757e+00 1.133323225369496645e-01 -9.935571370929709989e-01 0.000000000000000000e+00 3.156785199999999847e+00 0.000000000000000000e+00 0.000000000000000000e+00 1.000000000000000000e+00 0.000000000000000000e+00
-9.906142989675512656e-01 1.366869074967568820e-01 0.000000000000000000e+00 -5.472904999999999909e+00 -1.366869074967568820e-01 -9.906142989675512656e-01 0.000000000000000000e+00 3.846766699999999872e+00 0.000000000000000000e+00 0.000000000000000000e+00 1.000000000000000000e+00 0.000000000000000000e+00
-8.810590707082260886e-01 4.730062514626598991e-01 0.000000000000000000e+00 -5.719421999999999784e+00 -4.730062514626598991e-01 -8.810590707082260886e-01 0.000000000000000000e+00 4.249009000000000036e+00 0.000000000000000000e+00 0.000000000000000000e+00 1.000000000000000000e+00 0.000000000000000000e+00
-7.117045206629816212e-01 7.024789500532209185e-01 0.000000000000000000e+00 -5.882799000000000333e+00 -7.024789500532209185e-01 -7.117045206629816212e-01 0.000000000000000000e+00 4.752704999999999735e+00 0.000000000000000000e+00 0.000000000000000000e+00 1.000000000000000000e+00 0.000000000000000000e+00
-4.843697915565347567e-01 8.748633636331327734e-01 0.000000000000000000e+00 -6.211662999999999712e+00 -8.748633636331327734e-01 -4.843697915565347567e-01 0.000000000000000000e+00 4.963378399999999857e+00 0.000000000000000000e+00 0.000000000000000000e+00 1.000000000000000000e+00 0.000000000000000000e+00
-1.171887722452334135e-01 9.931096574193882809e-01 0.000000000000000000e+00 -6.724389000000000394e+00 -9.931096574193882809e-01 -1.171887722452334135e-01 0.000000000000000000e+00 5.154103300000000054e+00 0.000000000000000000e+00 0.000000000000000000e+00 1.000000000000000000e+00 0.000000000000000000e+00
1.610466229144135453e-01 9.869467996036375146e-01 0.000000000000000000e+00 -7.108865699999999954e+00 -9.869467996036375146e-01 1.610466229144135453e-01 0.000000000000000000e+00 5.252942599999999906e+00 0.000000000000000000e+00 0.000000000000000000e+00 1.000000000000000000e+00 0.000000000000000000e+00
6.613031988482015455e-01 7.501187100673706309e-01 0.000000000000000000e+00 -7.520669500000000340e+00 -7.501187100673706309e-01 6.613031988482015455e-01 0.000000000000000000e+00 5.108895000000000408e+00 0.000000000000000000e+00 0.000000000000000000e+00 1.000000000000000000e+00 0.000000000000000000e+00
8.606077888860005354e-01 5.092683317355882755e-01 0.000000000000000000e+00 -7.864639000000000379e+00 -5.092683317355882755e-01 8.606077888860005354e-01 0.000000000000000000e+00 4.881346699999999927e+00 0.000000000000000000e+00 0.000000000000000000e+00 1.000000000000000000e+00 0.000000000000000000e+00
9.453497092017673076e-01 3.260581655351295627e-01 0.000000000000000000e+00 -7.967413999999999774e+00 -3.260581655351295627e-01 9.453497092017673076e-01 0.000000000000000000e+00 4.527281000000000333e+00 0.000000000000000000e+00 0.000000000000000000e+00 1.000000000000000000e+00 0.000000000000000000e+00
9.993679861501060246e-01 3.554754925844446495e-02 0.000000000000000000e+00 -7.967625599999999864e+00 -3.554754925844446495e-02 9.993679861501060246e-01 0.000000000000000000e+00 4.547264600000000101e+00 0.000000000000000000e+00 0.000000000000000000e+00 1.000000000000000000e+00 0.000000000000000000e+00
9.986686528496340198e-01 5.158412367673994442e-02 0.000000000000000000e+00 -7.976359999999999673e+00 -5.158412367673994442e-02 9.986686528496340198e-01 0.000000000000000000e+00 4.085388700000000206e+00 0.000000000000000000e+00 0.000000000000000000e+00 1.000000000000000000e+00 0.000000000000000000e+00
9.947627600860143859e-01 -1.022108171675315536e-01 0.000000000000000000e+00 -8.023929000000000755e+00 1.022108171675315536e-01 9.947627600860143859e-01 0.000000000000000000e+00 3.615424599999999877e+00 0.000000000000000000e+00 0.000000000000000000e+00 1.000000000000000000e+00 0.000000000000000000e+00
9.437157419352303345e-01 -3.307576127977067681e-01 0.000000000000000000e+00 -7.881165000000000198e+00 3.307576127977067681e-01 9.437157419352303345e-01 0.000000000000000000e+00 3.154212699999999980e+00 0.000000000000000000e+00 0.000000000000000000e+00 1.000000000000000000e+00 0.000000000000000000e+00
8.826303576738379064e-01 -4.700677097105830371e-01 0.000000000000000000e+00 -7.706833399999999834e+00 4.700677097105830371e-01 8.826303576738379064e-01 0.000000000000000000e+00 2.807525899999999908e+00 0.000000000000000000e+00 0.000000000000000000e+00 1.000000000000000000e+00 0.000000000000000000e+00
8.274377258846471461e-01 -5.615574857330667413e-01 0.000000000000000000e+00 -7.465535000000000032e+00 5.615574857330667413e-01 8.274377258846471461e-01 0.000000000000000000e+00 2.353594000000000186e+00 0.000000000000000000e+00 0.000000000000000000e+00 1.000000000000000000e+00 0.000000000000000000e+00
8.632776761379191699e-01 -5.047292877195794780e-01 0.000000000000000000e+00 -7.151181000000000232e+00 5.047292877195794780e-01 8.632776761379191699e-01 0.000000000000000000e+00 1.899718000000000018e+00 0.000000000000000000e+00 0.000000000000000000e+00 1.000000000000000000e+00 0.000000000000000000e+00
8.217663599127811302e-01 -5.698245780200231758e-01 0.000000000000000000e+00 -6.737066300000000396e+00 5.698245780200231758e-01 8.217663599127811302e-01 0.000000000000000000e+00 1.402864899999999970e+00 0.000000000000000000e+00 0.000000000000000000e+00 1.000000000000000000e+00 0.000000000000000000e+00
7.612840354724511593e-01 -6.484185510415165776e-01 0.000000000000000000e+00 -6.479253299999999882e+00 6.484185510415165776e-01 7.612840354724511593e-01 0.000000000000000000e+00 1.124027000000000109e+00 0.000000000000000000e+00 0.000000000000000000e+00 1.000000000000000000e+00 0.000000000000000000e+00
6.670364827983675804e-01 -7.450250536834200910e-01 0.000000000000000000e+00 -6.131757300000000299e+00 7.450250536834200910e-01 6.670364827983675804e-01 0.000000000000000000e+00 7.519681999999999755e-01 0.000000000000000000e+00 0.000000000000000000e+00 1.000000000000000000e+00 0.000000000000000000e+00
7.431139013733231158e-01 -6.691649494599362091e-01 0.000000000000000000e+00 -5.712661999999999907e+00 6.691649494599362091e-01 7.431139013733231158e-01 0.000000000000000000e+00 3.628569500000000114e-01 0.000000000000000000e+00 0.000000000000000000e+00 1.000000000000000000e+00 0.000000000000000000e+00
7.606320229395964194e-01 -6.491832758773266043e-01 0.000000000000000000e+00 -5.370715999999999823e+00 6.491832758773266043e-01 7.606320229395964194e-01 0.000000000000000000e+00 9.984946999999999573e-02 0.000000000000000000e+00 0.000000000000000000e+00 1.000000000000000000e+00 0.000000000000000000e+00
7.090185118664267261e-01 -7.051898679297070593e-01 0.000000000000000000e+00 -5.057452999999999754e+00 7.051898679297070593e-01 7.090185118664267261e-01 0.000000000000000000e+00 -3.314294500000000143e-01 0.000000000000000000e+00 0.000000000000000000e+00 1.000000000000000000e+00 0.000000000000000000e+00
6.059852309362636635e-01 -7.954758952269535000e-01 0.000000000000000000e+00 -4.769463499999999634e+00 7.954758952269535000e-01 6.059852309362636635e-01 0.000000000000000000e+00 -5.025201000000000251e-01 0.000000000000000000e+00 0.000000000000000000e+00 1.000000000000000000e+00 0.000000000000000000e+00
5.597391849870810843e-01 -8.286688390364380652e-01 0.000000000000000000e+00 -4.320462000000000025e+00 8.286688390364380652e-01 5.597391849870810843e-01 0.000000000000000000e+00 -7.976290999999999798e-01 0.000000000000000000e+00 0.000000000000000000e+00 1.000000000000000000e+00 0.000000000000000000e+00
3.447463222357488033e-01 -9.386958896814906472e-01 0.000000000000000000e+00 -4.020333299999999888e+00 9.386958896814906472e-01 3.447463222357488033e-01 0.000000000000000000e+00 -1.222161400000000064e+00 0.000000000000000000e+00 0.000000000000000000e+00 1.000000000000000000e+00 0.000000000000000000e+00
3.963035553653350140e-01 -9.181195412389362431e-01 0.000000000000000000e+00 -3.523437700000000117e+00 9.181195412389362431e-01 3.963035553653350140e-01 0.000000000000000000e+00 -1.351044799999999935e+00 0.000000000000000000e+00 0.000000000000000000e+00 1.000000000000000000e+00 0.000000000000000000e+00
5.522526443963181597e-01 -8.336768059369732420e-01 0.000000000000000000e+00 -3.088394999999999779e+00 8.336768059369732420e-01 5.522526443963181597e-01 0.000000000000000000e+00 -1.479343800000000098e+00 0.000000000000000000e+00 0.000000000000000000e+00 1.000000000000000000e+00 0.000000000000000000e+00
4.663043676397200521e-01 -8.846243477997430826e-01 0.000000000000000000e+00 -2.574518700000000049e+00 8.846243477997430826e-01 4.663043676397200521e-01 0.000000000000000000e+00 -1.786415700000000051e+00 0.000000000000000000e+00 0.000000000000000000e+00 1.000000000000000000e+00 0.000000000000000000e+00
4.197072169781712048e-01 -9.076595463148273701e-01 0.000000000000000000e+00 -2.168644700000000203e+00 9.076595463148273701e-01 4.197072169781712048e-01 0.000000000000000000e+00 -1.842471500000000040e+00 0.000000000000000000e+00 0.000000000000000000e+00 1.000000000000000000e+00 0.000000000000000000e+00
2.744821497434337676e-01 -9.615921949933990964e-01 0.000000000000000000e+00 -2.248343199999999875e+00 9.615921949933990964e-01 2.744821497434337676e-01 0.000000000000000000e+00 -1.930668999999999969e+00 0.000000000000000000e+00 0.000000000000000000e+00 1.000000000000000000e+00 0.000000000000000000e+00
1.879145388505942260e-01 -9.821853827504095635e-01 0.000000000000000000e+00 -1.754975100000000010e+00 9.821853827504095635e-01 1.879145388505942260e-01 0.000000000000000000e+00 -1.951309699999999925e+00 0.000000000000000000e+00 0.000000000000000000e+00 1.000000000000000000e+00 0.000000000000000000e+00
5.305790096148087220e-02 -9.985914375486911743e-01 0.000000000000000000e+00 -1.359265399999999957e+00 9.985914375486911743e-01 5.305790096148087220e-02 0.000000000000000000e+00 -1.766866599999999954e+00 0.000000000000000000e+00 0.000000000000000000e+00 1.000000000000000000e+00 0.000000000000000000e+00
-1.213444933620757837e-01 -9.926104542723198643e-01 0.000000000000000000e+00 -9.700227999999999628e-01 9.926104542723198643e-01 -1.213444933620757837e-01 0.000000000000000000e+00 -1.620341100000000090e+00 0.000000000000000000e+00 0.000000000000000000e+00 1.000000000000000000e+00 0.000000000000000000e+00
-3.221034100392713984e-01 -9.467044909796683561e-01 0.000000000000000000e+00 -5.259561999999999848e-01 9.467044909796683561e-01 -3.221034100392713984e-01 0.000000000000000000e+00 -1.544370500000000090e+00 0.000000000000000000e+00 0.000000000000000000e+00 1.000000000000000000e+00 0.000000000000000000e+00
-4.602991800751745632e-01 -8.877638564517718045e-01 0.000000000000000000e+00 -3.452233000000000107e-01 8.877638564517718045e-01 -4.602991800751745632e-01 0.000000000000000000e+00 -1.245950099999999949e+00 0.000000000000000000e+00 0.000000000000000000e+00 1.000000000000000000e+00 0.000000000000000000e+00
-5.575965749790517956e-01 -8.301120765123409795e-01 0.000000000000000000e+00 -1.145173159999999940e-01 8.301120765123409795e-01 -5.575965749790517956e-01 0.000000000000000000e+00 -9.781126999999999461e-01 0.000000000000000000e+00 0.000000000000000000e+00 1.000000000000000000e+00 0.000000000000000000e+00
-7.182648025704616579e-01 -6.957698422527494042e-01 0.000000000000000000e+00 1.839359000000000133e-01 6.957698422527494042e-01 -7.182648025704616579e-01 0.000000000000000000e+00 -8.056436000000000153e-01 0.000000000000000000e+00 0.000000000000000000e+00 1.000000000000000000e+00 0.000000000000000000e+00
-8.622680092232338778e-01 -5.064522487561893271e-01 0.000000000000000000e+00 4.456729999999999858e-01 5.064522487561893271e-01 -8.622680092232338778e-01 0.000000000000000000e+00 -4.069391199999999875e-01 0.000000000000000000e+00 0.000000000000000000e+00 1.000000000000000000e+00 0.000000000000000000e+00
-9.070516896896354542e-01 -4.210192777429285216e-01 0.000000000000000000e+00 6.114036400000000260e-01 4.210192777429285216e-01 -9.070516896896354542e-01 0.000000000000000000e+00 -1.162909399999999954e-01 0.000000000000000000e+00 0.000000000000000000e+00 1.000000000000000000e+00 0.000000000000000000e+00
9.463035381693694070e-01 3.232794667901642272e-01 0.000000000000000000e+00 7.381317600000000256e-01 -3.232794667901642272e-01 9.463035381693694070e-01 0.000000000000000000e+00 3.287352599999999736e-01 0.000000000000000000e+00 0.000000000000000000e+00 1.000000000000000000e+00 0.000000000000000000e+00
9.734155369065771168e-01 2.290462671795376048e-01 0.000000000000000000e+00 8.302355399999999941e-01 -2.290462671795376048e-01 9.734155369065771168e-01 0.000000000000000000e+00 7.079868000000000272e-01 0.000000000000000000e+00 0.000000000000000000e+00 1.000000000000000000e+00 0.000000000000000000e+00
9.914793149044152099e-01 1.302642242393188821e-01 0.000000000000000000e+00 9.324065400000000059e-01 -1.302642242393188821e-01 9.914793149044152099e-01 0.000000000000000000e+00 1.155796499999999893e+00 0.000000000000000000e+00 0.000000000000000000e+00 1.000000000000000000e+00 0.000000000000000000e+00
9.999731148419038762e-01 -7.332775285019021982e-03 0.000000000000000000e+00 9.222607999999999917e-01 7.332775285019021982e-03 9.999731148419038762e-01 0.000000000000000000e+00 1.747025800000000073e+00 0.000000000000000000e+00 0.000000000000000000e+00 1.000000000000000000e+00 0.000000000000000000e+00
9.654048402302783938e-01 -2.607556221061219093e-01 0.000000000000000000e+00 7.980435999999999641e-01 2.607556221061219093e-01 9.654048402302783938e-01 0.000000000000000000e+00 1.986891200000000079e+00 0.000000000000000000e+00 0.000000000000000000e+00 1.000000000000000000e+00 0.000000000000000000e+00
8.920728195808251826e-01 -4.518916734850471628e-01 0.000000000000000000e+00 6.231527999999999512e-01 4.518916734850471628e-01 8.920728195808251826e-01 0.000000000000000000e+00 2.314178699999999811e+00 0.000000000000000000e+00 0.000000000000000000e+00 1.000000000000000000e+00 0.000000000000000000e+00
7.598899192861868768e-01 -6.500517752973469232e-01 0.000000000000000000e+00 1.741556200000000110e-01 6.500517752973469232e-01 7.598899192861868768e-01 0.000000000000000000e+00 2.683763700000000085e+00 0.000000000000000000e+00 0.000000000000000000e+00 1.000000000000000000e+00 0.000000000000000000e+00
7.164309484547528584e-01 -6.976580079782810362e-01 0.000000000000000000e+00 -2.280517699999999870e-01 6.976580079782810362e-01 7.164309484547528584e-01 0.000000000000000000e+00 3.160713200000000001e+00 0.000000000000000000e+00 0.000000000000000000e+00 1.000000000000000000e+00 0.000000000000000000e+00
6.459465891588371811e-01 -7.633826065310005404e-01 0.000000000000000000e+00 -3.758016499999999871e-01 7.633826065310005404e-01 6.459465891588371811e-01 0.000000000000000000e+00 3.407961400000000030e+00 0.000000000000000000e+00 0.000000000000000000e+00 1.000000000000000000e+00 0.000000000000000000e+00
-5.488667065974285331e-01 8.359098865241948451e-01 0.000000000000000000e+00 -8.899150000000000116e-01 -8.359098865241948451e-01 -5.488667065974285331e-01 0.000000000000000000e+00 3.587798600000000171e+00 0.000000000000000000e+00 0.000000000000000000e+00 1.000000000000000000e+00 0.000000000000000000e+00
