9.999999989425124580e-01 4.598885798378911876e-05 0.000000000000000000e+00 -8.000000000000000000e+00 -4.598885798378911876e-05 9.999999989425124580e-01 0.000000000000000000e+00 5.000000000000000000e+00 0.000000000000000000e+00 0.000000000000000000e+00 1.000000000000000000e+00 0.000000000000000000e+00
9.986082827177111820e-01 -5.273990602554917001e-02 0.000000000000000000e+00 -8.048828000000000316e+00 5.273990602554917001e-02 9.986082827177111820e-01 0.000000000000000000e+00 4.544486499999999651e+00 0.000000000000000000e+00 0.000000000000000000e+00 1.000000000000000000e+00 0.000000000000000000e+00
9.918652634652964650e-01 -1.272921801640543304e-01 0.000000000000000000e+00 -8.073902999999999608e+00 1.272921801640543304e-01 9.918652634652964650e-01 0.000000000000000000e+00 4.089598999999999762e+00 0.000000000000000000e+00 0.000000000000000000e+00 1.000000000000000000e+00 0.000000000000000000e+00
9.675474484924703189e-01 -2.526894040432058897e-01 0.000000000000000000e+00 -8.049856000000000122e+00 2.526894040432058897e-01 9.675474484924703189e-01 0.000000000000000000e+00 3.723265000000000047e+00 0.000000000000000000e+00 0.000000000000000000e+00 1.000000000000000000e+00 0.000000000000000000e+00
9.254178788510830644e-01 -3.789482148035033804e-01 0.000000000000000000e+00 -7.969380000000000130e+00 3.789482148035033804e-01 9.254178788510830644e-01 0.000000000000000000e+00 3.367873700000000081e+00 0.000000000000000000e+00 0.000000000000000000e+00 1.000000000000000000e+00 0.000000000000000000e+00
8.555464422012996062e-01 -5.177260716215654757e-01 0.000000000000000000e+00 -7.774728299999999592e+00 5.177260716215654757e-01 8.555464422012996062e-01 0.000000000000000000e+00 2.835921799999999937e+00 0.000000000000000000e+00 0.000000000000000000e+00 1.000000000000000000e+00 0.000000000000000000e+00
8.648964435385245730e-01 -5.019503381355686633e-01 0.000000000000000000e+00 -7.345710999999999657e+00 5.019503381355686633e-01 8.648964435385245730e-01 0.000000000000000000e+00 2.388466399999999989e+00 0.000000000000000000e+00 0.000000000000000000e+00 1.000000000000000000e+00 0.000000000000000000e+00
8.564894747209654824e-01 -5.161644889879627440e-01 0.000000000000000000e+00 -7.073530700000000060e+00 5.161644889879627440e-01 8.564894747209654824e-01 0.000000000000000000e+00 1.920008699999999902e+00 0.000000000000000000e+00 0.000000000000000000e+00 1.000000000000000000e+00 0.000000000000000000e+00
7.603139877266692492e-01 -6.495557251438633939e-01 0.000000000000000000e+00 -6.796020999999999646e+00 6.495557251438633939e-01 7.603139877266692492e-01 0.000000000000000000e+00 1.517371800000000048e+00 0.000000000000000000e+00 0.000000000000000000e+00 1.000000000000000000e+00 0.000000000000000000e+00
6.551738576368297817e-01 -7.554781375190648962e-01 0.000000000000000000e+00 -6.460697699999999877e+00 7.554781375190648962e-01 6.551738576368297817e-01 0.000000000000000000e+00 1.058106200000000108e+00 0.000000000000000000e+00 0.000000000000000000e+00 1.000000000000000000e+00 0.000000000000000000e+00
5.610395874583748999e-01 -8.277889714803746690e-01 0.000000000000000000e+00 -6.013297599999999576e+00 8.277889714803746690e-01 5.610395874583748999e-01 0.000000000000000000e+00 7.871257000000000392e-01 0.000000000000000000e+00 0.000000000000000000e+00 1.000000000000000000e+00 0.000000000000000000e+00
7.008394762768631603e-01 -7.133190229427308626e-01 0.000000000000000000e+00 -5.722591999999999679e+00 7.133190229427308626e-01 7.008394762768631603e-01 0.000000000000000000e+00 5.091021999999999492e-01 0.000000000000000000e+00 0.000000000000000000e+00 1.000000000000000000e+00 0.000000000000000000e+00
7.070624890330501344e-01 -7.071510705658217155e-01 0.000000000000000000e+00 -5.354187500000000099e+00 7.071510705658217155e-01 7.070624890330501344e-01 0.000000000000000000e+00 2.722878200000000137e-01 0.000000000000000000e+00 0.000000000000000000e+00 1.000000000000000000e+00 0.000000000000000000e+00
6.650941035505884003e-01 -7.467595552935625269e-01 0.000000000000000000e+00 -5.022501499999999730e+00 7.467595552935625269e-01 6.650941035505884003e-01 0.000000000000000000e+00 -3.511053299999999933e-01 0.000000000000000000e+00 0.000000000000000000e+00 1.000000000000000000e+00 0.000000000000000000e+00
4.813166896730943778e-01 -8.765467724212634426e-01 0.000000000000000000e+00 -4.642698300000000167e+00 8.765467724212634426e-01 4.813166896730943778e-01 0.000000000000000000e+00 -5.653699599999999492e-01 0.000000000000000000e+00 0.000000000000000000e+00 1.000000000000000000e+00 0.000000000000000000e+00
4.925005824404865562e-01 -8.703121142991068204e-01 0.000000000000000000e+00 -4.200073999999999863e+00 8.703121142991068204e-01 4.925005824404865562e-01 0.000000000000000000e+00 -8.773945600000000455e-01 0.000000000000000000e+00 0.000000000000000000e+00 1.000000000000000000e+00 0.000000000000000000e+00
3.907258805339763330e-01 -9.205070810596455155e-01 0.000000000000000000e+00 -3.981564800000000126e+00 9.205070810596455155e-01 3.907258805339763330e-01 0.000000000000000000e+00 -1.152866699999999911e+00 0.000000000000000000e+00 0.000000000000000000e+00 1.000000000000000000e+00 0.000000000000000000e+00
3.726294435317600851e-01 -9.279802249041790851e-01 0.000000000000000000e+00 -3.299510999999999861e+00 9.279802249041790851e-01 3.726294435317600851e-01 0.000000000000000000e+00 -1.372403599999999946e+00 0.000000000000000000e+00 0.000000000000000000e+00 1.000000000000000000e+00 0.000000000000000000e+00
4.400230365504493313e-01 -8.979864850346701566e-01 0.000000000000000000e+00 -2.841448800000000219e+00 8.979864850346701566e-01 4.400230365504493313e-01 0.000000000000000000e+00 -1.732445199999999907e+00 0.000000000000000000e+00 0.000000000000000000e+00 1.000000000000000000e+00 0.000000000000000000e+00
4.180257852123743234e-01 -9.084351616365242688e-01 0.000000000000000000e+00 -2.423957000000000139e+00 9.084351616365242688e-01 4.180257852123743234e-01 0.000000000000000000e+00 -1.681053200000000025e+00 0.000000000000000000e+00 0.000000000000000000e+00 1.000000000000000000e+00 0.000000000000000000e+00
2.821075959781579878e-01 -9.593827725633936598e-01 0.000000000000000000e+00 -2.435343500000000105e+00 9.593827725633936598e-01 2.821075959781579878e-01 0.000000000000000000e+00 -1.777403499999999914e+00 0.000000000000000000e+00 0.000000000000000000e+00 1.000000000000000000e+00 0.000000000000000000e+00
2.436168567379063676e-01 -9.698715518629992260e-01 0.000000000000000000e+00 -2.165443199999999901e+00 9.698715518629992260e-01 2.436168567379063676e-01 0.000000000000000000e+00 -1.748609899999999939e+00 0.000000000000000000e+00 0.000000000000000000e+00 1.000000000000000000e+00 0.000000000000000000e+00
1.912940029645134044e-01 -9.815327831661114777e-01 0.000000000000000000e+00 -1.702466999999999953e+00 9.815327831661114777e-01 1.912940029645134044e-01 0.000000000000000000e+00 -1.753834799999999916e+00 0.000000000000000000e+00 0.000000000000000000e+00 1.000000000000000000e+00 0.000000000000000000e+00
-5.824828474197838585e-02 -9.983021272764159848e-01 0.000000000000000000e+00 -1.250884200000000002e+00 9.983021272764159848e-01 -5.824828474197838585e-02 0.000000000000000000e+00 -1.672967599999999999e+00 0.000000000000000000e+00 0.000000000000000000e+00 1.000000000000000000e+00 0.000000000000000000e+00
-2.430460901949801078e-01 -9.700147411462021196e-01 0.000000000000000000e+00 -7.809677999999999898e-01 9.700147411462021196e-01 -2.430460901949801078e-01 0.000000000000000000e+00 -1.593474700000000022e+00 0.000000000000000000e+00 0.000000000000000000e+00 1.000000000000000000e+00 0.000000000000000000e+00
-3.598120772297328518e-01 -9.330247955331223420e-01 0.000000000000000000e+00 -4.327980599999999844e-01 9.330247955331223420e-01 -3.598120772297328518e-01 0.000000000000000000e+00 -1.408132399999999951e+00 0.000000000000000000e+00 0.000000000000000000e+00 1.000000000000000000e+00 0.000000000000000000e+00
-4.991078133470396305e-01 -8.665398955939286330e-01 0.000000000000000000e+00 -2.185881399999999863e-01 8.665398955939286330e-01 -4.991078133470396305e-01 0.000000000000000000e+00 -1.172087700000000066e+00 0.000000000000000000e+00 0.000000000000000000e+00 1.000000000000000000e+00 0.000000000000000000e+00
-5.861143058384528093e-01 -8.102283755161310275e-01 0.000000000000000000e+00 -9.504478399999999327e-02 8.102283755161310275e-01 -5.861143058384528093e-01 0.000000000000000000e+00 -9.902570000000000539e-01 0.000000000000000000e+00 0.000000000000000000e+00 1.000000000000000000e+00 0.000000000000000000e+00
-7.395160798048199258e-01 -6.731388918418778067e-01 0.000000000000000000e+00 1.254885500000000043e-01 6.731388918418778067e-01 -7.395160798048199258e-01 0.000000000000000000e+00 -6.734385499999999691e-01 0.000000000000000000e+00 0.000000000000000000e+00 1.000000000000000000e+00 0.000000000000000000e+00
-8.721029483189736142e-01 -4.893224371857002875e-01 0.000000000000000000e+00 5.095838999999999785e-01 4.893224371857002875e-01 -8.721029483189736142e-01 0.000000000000000000e+00 -3.077063600000000121e-01 0.000000000000000000e+00 0.000000000000000000e+00 1.000000000000000000e+00 0.000000000000000000e+00
9.257587010878519651e-01 3.781148335626799417e-01 0.000000000000000000e+00 6.842247000000000190e-01 -3.781148335626799417e-01 9.257587010878519651e-01 0.000000000000000000e+00 -3.940629000000000180e-03 0.000000000000000000e+00 0.000000000000000000e+00 1.000000000000000000e+00 0.000000000000000000e+00
9.366454645283873726e-01 3.502788514575230217e-01 0.000000000000000000e+00 7.464304600000000178e-01 -3.502788514575230217e-01 9.366454645283873726e-01 0.000000000000000000e+00 5.523447000000000218e-01 0.000000000000000000e+00 0.000000000000000000e+00 1.000000000000000000e+00 0.000000000000000000e+00
9.246700430097930523e-01 3.807693679384773211e-01 0.000000000000000000e+00 7.916418299999999908e-01 -3.807693679384773211e-01 9.246700430097930523e-01 0.000000000000000000e+00 9.837668499999999705e-01 0.000000000000000000e+00 0.000000000000000000e+00 1.000000000000000000e+00 0.000000000000000000e+00
9.917962033958398482e-01 1.278291474179418796e-01 0.000000000000000000e+00 9.729404999999999859e-01 -1.278291474179418796e-01 9.917962033958398482e-01 0.000000000000000000e+00 1.165603799999999968e+00 0.000000000000000000e+00 0.000000000000000000e+00 1.000000000000000000e+00 0.000000000000000000e+00
9.942369691639352247e-01 -1.072047067423450156e-01 0.000000000000000000e+00 8.241273000000000071e-01 1.072047067423450156e-01 9.942369691639352247e-01 0.000000000000000000e+00 1.598924999999999930e+00 0.000000000000000000e+00 0.000000000000000000e+00 1.000000000000000000e+00 0.000000000000000000e+00
9.451365818817367703e-01 -3.266754376883989064e-01 0.000000000000000000e+00 6.812435999999999492e-01 3.266754376883989064e-01 9.451365818817367703e-01 0.000000000000000000e+00 2.051505999999999830e+00 0.000000000000000000e+00 0.000000000000000000e+00 1.000000000000000000e+00 0.000000000000000000e+00
8.439380370508725582e-01 -5.364406673796461300e-01 0.000000000000000000e+00 4.006819999999999826e-01 5.364406673796461300e-01 8.439380370508725582e-01 0.000000000000000000e+00 2.335320199999999957e+00 0.000000000000000000e+00 0.000000000000000000e+00 1.000000000000000000e+00 0.000000000000000000e+00
7.177928036270531109e-01 -6.962567709266566096e-01 0.000000000000000000e+00 2.501983999999999875e-01 6.962567709266566096e-01 7.177928036270531109e-01 0.000000000000000000e+00 2.734199999999999964e+00 0.000000000000000000e+00 0.000000000000000000e+00 1.000000000000000000e+00 0.000000000000000000e+00
6.843437626171201549e-01 -7.291595261443428733e-01 0.000000000000000000e+00 5.508044000000000134e-02 7.291595261443428733e-01 6.843437626171201549e-01 0.000000000000000000e+00 3.078190000000000204e+00 0.000000000000000000e+00 0.000000000000000000e+00 1.000000000000000000e+00 0.000000000000000000e+00
6.728591389037951176e-01 -7.397706260684072666e-01 0.000000000000000000e+00 -3.284376600000000201e-01 7.397706260684072666e-01 6.728591389037951176e-01 0.000000000000000000e+00 3.496186999999999934e+00 0.000000000000000000e+00 0.000000000000000000e+00 1.000000000000000000e+00 0.000000000000000000e+00
-6.917669423741604762e-01 7.221208329900924427e-01 0.000000000000000000e+00 -2.262345699999999959e-01 -7.221208329900924427e-01 -6.917669423741604762e-01 0.000000000000000000e+00 3.366022300000000023e+00 0.000000000000000000e+00 0.000000000000000000e+00 1.000000000000000000e+00 0.000000000000000000e+00
5.624112011833763969e-01 -8.268576907687753552e-01 0.000000000000000000e+00 -8.423214999999999453e-01 8.268576907687753552e-01 5.624112011833763969e-01 0.000000000000000000e+00 3.769229699999999905e+00 0.000000000000000000e+00 0.000000000000000000e+00 1.000000000000000000e+00 0.000000000000000000e+00
4.045905183324893795e-01 -9.144979565179178760e-01 0.000000000000000000e+00 -1.243019300000000049e+00 9.144979565179178760e-01 4.045905183324893795e-01 0.000000000000000000e+00 3.959479799999999994e+00 0.000000000000000000e+00 0.000000000000000000e+00 1.000000000000000000e+00 0.000000000000000000e+00
3.164369100007838886e-01 -9.486135577721603873e-01 0.000000000000000000e+00 -1.706060300000000085e+00 9.486135577721603873e-01 3.164369100007838886e-01 0.000000000000000000e+00 4.277214999999999989e+00 0.000000000000000000e+00 0.000000000000000000e+00 1.000000000000000000e+00 0.000000000000000000e+00
2.165820172128634091e-01 -9.762644261776657340e-01 0.000000000000000000e+00 -2.189389499999999877e+00 9.762644261776657340e-01 2.165820172128634091e-01 0.000000000000000000e+00 4.529803300000000199e+00 0.000000000000000000e+00 0.000000000000000000e+00 1.000000000000000000e+00 0.000000000000000000e+00
1.614144397075582549e-01 -9.868867101414908749e-01 0.000000000000000000e+00 -2.678333499999999923e+00 9.868867101414908749e-01 1.614144397075582549e-01 0.000000000000000000e+00 4.553823500000000024e+00 0.000000000000000000e+00 0.000000000000000000e+00 1.000000000000000000e+00 0.000000000000000000e+00
1.384871876239099353e-01 -9.903642253555102748e-01 0.000000000000000000e+00 -3.065838600000000191e+00 9.903642253555102748e-01 1.384871876239099353e-01 0.000000000000000000e+00 4.575787000000000049e+00 0.000000000000000000e+00 0.000000000000000000e+00 1.000000000000000000e+00 0.000000000000000000e+00
2.111185100593245337e-02 -9.997771200358124277e-01 0.000000000000000000e+00 -3.592256499999999964e+00 9.997771200358124277e-01 2.111185100593245337e-02 0.000000000000000000e+00 4.865414000000000350e+00 0.000000000000000000e+00 0.000000000000000000e+00 1.000000000000000000e+00 0.000000000000000000e+00
-9.854577851411959466e-02 -9.951325185808400642e-01 0.000000000000000000e+00 -4.066783400000000270e+00 9.951325185808400642e-01 -9.854577851411959466e-02 0.000000000000000000e+00 4.829348000000000418e+00 0.000000000000000000e+00 0.000000000000000000e+00 1.000000000000000000e+00 0.000000000000000000e+00
-1.190871910990093652e-01 -9.928838003090533215e-01 0.000000000000000000e+00 -4.645518299999999989e+00 9.928838003090533215e-01 -1.190871910990093652e-01 0.000000000000000000e+00 4.807809400000000011e+00 0.000000000000000000e+00 0.000000000000000000e+00 1.000000000000000000e+00 0.000000000000000000e+00
-1.950599563546059623e-01 -9.807913200201862081e-01 0.000000000000000000e+00 -5.095414599999999794e+00 9.807913200201862081e-01 -1.950599563546059623e-01 0.000000000000000000e+00 4.844782000000000366e+00 0.000000000000000000e+00 0.000000000000000000e+00 1.000000000000000000e+00 0.000000000000000000e+00
-1.604124305895730518e-01 -9.870500757876194964e-01 0.000000000000000000e+00 -5.539399000000000406e+00 9.870500757876194964e-01 -1.604124305895730518e-01 0.000000000000000000e+00 4.678982300000000372e+00 0.000000000000000000e+00 0.000000000000000000e+00 1.000000000000000000e+00 0.000000000000000000e+00
-3.461243813914532397e-01 -9.381886338079266086e-01 0.000000000000000000e+00 -6.005976999999999677e+00 9.381886338079266086e-01 -3.461243813914532397e-01 0.000000000000000000e+00 4.653487700000000338e+00 0.000000000000000000e+00 0.000000000000000000e+00 1.000000000000000000e+00 0.000000000000000000e+00
-3.891300130774852928e-01 -9.211828444572316421e-01 0.000000000000000000e+00 -6.297927999999999749e+00 9.211828444572316421e-01 -3.891300130774852928e-01 0.000000000000000000e+00 4.682733999999999952e+00 0.000000000000000000e+00 0.000000000000000000e+00 1.000000000000000000e+00 0.000000000000000000e+00
-4.832603446466700592e-01 -8.754766926035105756e-01 0.000000000000000000e+00 -6.618165499999999923e+00 8.754766926035105756e-01 -4.832603446466700592e-01 0.000000000000000000e+00 4.441628500000000201e+00 0.000000000000000000e+00 0.000000000000000000e+00 1.000000000000000000e+00 0.000000000000000000e+00
-5.633881214551993422e-01 -8.261923653745425478e-01 0.000000000000000000e+00 -7.158427200000000212e+00 8.261923653745425478e-01 -5.633881214551993422e-01 0.000000000000000000e+00 4.377911600000000014e+00 0.000000000000000000e+00 0.000000000000000000e+00 1.000000000000000000e+00 0.000000000000000000e+00
-6.595316226452867525e-01 -7.516768180081617734e-01 0.000000000000000000e+00 -7.648006399999999871e+00 7.516768180081617734e-01 -6.595316226452867525e-01 0.000000000000000000e+00 4.072734999999999772e+00 0.000000000000000000e+00 0.000000000000000000e+00 1.000000000000000000e+00 0.000000000000000000e+00
-7.208379763422513298e-01 -6.931036083175500240e-01 0.000000000000000000e+00 -7.881682999999999772e+00 6.931036083175500240e-01 -7.208379763422513298e-01 0.000000000000000000e+00 3.767310600000000065e+00 0.000000000000000000e+00 0.000000000000000000e+00 1.000000000000000000e+00 0.000000000000000000e+00
-9.370350776935459924e-01 -3.492352547665400486e-01 0.000000000000000000e+00 -8.236428999999999334e+00 3.492352547665400486e-01 -9.370350776935459924e-01 0.000000000000000000e+00 3.372025299999999781e+00 0.000000000000000000e+00 0.000000000000000000e+00 1.000000000000000000e+00 0.000000000000000000e+00
-9.680747375851208592e-01 -2.506617291281207360e-01 0.000000000000000000e+00 -8.399843000000000615e+00 2.506617291281207360e-01 -9.680747375851208592e-01 0.000000000000000000e+00 3.026741499999999974e+00 0.000000000000000000e+00 0.000000000000000000e+00 1.000000000000000000e+00 0.000000000000000000e+00
1.852910370541928087e-01 -9.826836884712097930e-01 0.000000000000000000e+00 -8.295598999999999279e+00 9.826836884712097930e-01 1.852910370541928087e-01 0.000000000000000000e+00 3.114622799999999803e+00 0.000000000000000000e+00 0.000000000000000000e+00 1.000000000000000000e+00 0.000000000000000000e+00
-9.773622106222659145e-01 2.115729407262600115e-01 0.000000000000000000e+00 -8.231177999999999884e+00 -2.115729407262600115e-01 -9.773622106222659145e-01 0.000000000000000000e+00 2.727861199999999986e+00 0.000000000000000000e+00 0.000000000000000000e+00 1.000000000000000000e+00 0.000000000000000000e+00
-8.569824573572103477e-01 5.153455809279801070e-01 0.000000000000000000e+00 -8.176723499999999589e+00 -5.153455809279801070e-01 -8.569824573572103477e-01 0.000000000000000000e+00 2.373082399999999925e+00 0.000000000000000000e+00 0.000000000000000000e+00 1.000000000000000000e+00 0.000000000000000000e+00
-6.584328644372061667e-01 7.526394641719338363e-01 0.000000000000000000e+00 -7.916737000000000357e+00 -7.526394641719338363e-01 -6.584328644372061667e-01 0.000000000000000000e+00 1.953980100000000109e+00 0.000000000000000000e+00 0.000000000000000000e+00 1.000000000000000000e+00 0.000000000000000000e+00
-3.303616130304258269e-01 9.438544403857700438e-01 0.000000000000000000e+00 -7.483272000000000368e+00 -9.438544403857700438e-01 -3.303616130304258269e-01 0.000000000000000000e+00 1.748387799999999936e+00 0.000000000000000000e+00 0.000000000000000000e+00 1.000000000000000000e+00 0.000000000000000000e+00
-3.702011204505211567e-02 9.993145207111582273e-01 0.000000000000000000e+00 -6.995061999999999891e+00 -9.993145207111582273e-01 -3.702011204505211567e-02 0.000000000000000000e+00 1.824464800000000109e+00 0.000000000000000000e+00 0.000000000000000000e+00 1.000000000000000000e+00 0.000000000000000000e+00
1.463260583170605533e-01 9.892364149471005730e-01 0.000000000000000000e+00 -6.363055700000000314e+00 -9.892364149471005730e-01 1.463260583170605533e-01 0.000000000000000000e+00 1.839916099999999943e+00 0.000000000000000000e+00 0.000000000000000000e+00 1.000000000000000000e+00 0.000000000000000000e+00
3.883429474378126689e-01 9.215149240111698559e-01 0.000000000000000000e+00 -5.858137600000000056e+00 -9.215149240111698559e-01 3.883429474378126689e-01 0.000000000000000000e+00 2.014023499999999967e+00 0.000000000000000000e+00 0.000000000000000000e+00 1.000000000000000000e+00 0.000000000000000000e+00
6.758944573720726545e-01 7.369984277416821161e-01 0.000000000000000000e+00 -5.701420299999999663e+00 -7.369984277416821161e-01 6.758944573720726545e-01 0.000000000000000000e+00 2.334069299999999902e+00 0.000000000000000000e+00 0.000000000000000000e+00 1.000000000000000000e+00 0.000000000000000000e+00
8.909298997146876120e-01 4.541408523733321823e-01 0.000000000000000000e+00 -5.526837300000000397e+00 -4.541408523733321823e-01 8.909298997146876120e-01 0.000000000000000000e+00 2.792394199999999937e+00 0.000000000000000000e+00 0.000000000000000000e+00 1.000000000000000000e+00 0.000000000000000000e+00
-9.953989834591503438e-01 -9.581682382802200748e-02 0.000000000000000000e+00 -5.334651000000000032e+00 9.581682382802200748e-02 -9.953989834591503438e-01 0.000000000000000000e+00 3.213296999999999848e+00 0.000000000000000000e+00 0.000000000000000000e+00 1.000000000000000000e+00 0.000000000000000000e+00
-9.879174302638278338e-01 1.549811310479917714e-01 0.000000000000000000e+00 -5.490481400000000178e+00 -1.549811310479917714e-01 -9.879174302638278338e-01 0.000000000000000000e+00 3.901023100000000188e+00 0.000000000000000000e+00 0.000000000000000000e+00 1.000000000000000000e+00 0.000000000000000000e+00
-8.717275285194973078e-01 4.899909346317429804e-01 0.000000000000000000e+00 -5.744627000000000372e+00 -4.899909346317429804e-01 -8.717275285194973078e-01 0.000000000000000000e+00 4.299028400000000083e+00 0.000000000000000000e+00 0.000000000000000000e+00 1.000000000000000000e+00 0.000000000000000000e+00
-6.973459886197330704e-01 7.167346595191047554e-01 0.000000000000000000e+00 -5.917938999999999616e+00 -7.167346595191047554e-01 -6.973459886197330704e-01 0.000000000000000000e+00 4.799865200000000165e+00 0.000000000000000000e+00 0.000000000000000000e+00 1.000000000000000000e+00 0.000000000000000000e+00
-4.657251452538442860e-01 8.849294260438431703e-01 0.000000000000000000e+00 -6.251177000000000206e+00 -8.849294260438431703e-01 -4.657251452538442860e-01 0.000000000000000000e+00 5.004254999999999676e+00 0.000000000000000000e+00 0.000000000000000000e+00 1.000000000000000000e+00 0.000000000000000000e+00
-9.497978571858979591e-02 9.954792013421730479e-01 0.000000000000000000e+00 -6.767978699999999570e+00 -9.954792013421730479e-01 -9.497978571858979591e-02 0.000000000000000000e+00 5.184499299999999700e+00 0.000000000000000000e+00 0.000000000000000000e+00 1.000000000000000000e+00 0.000000000000000000e+00
1.843308738670260960e-01 9.828642474621906988e-01 0.000000000000000000e+00 -7.154680700000000115e+00 -9.828642474621906988e-01 1.843308738670260960e-01 0.000000000000000000e+00 5.275168999999999997e+00 0.000000000000000000e+00 0.000000000000000000e+00 1.000000000000000000e+00 0.000000000000000000e+00
6.799500609113838800e-01 7.332584228405462090e-01 0.000000000000000000e+00 -7.563038299999999658e+00 -7.332584228405462090e-01 6.799500609113838800e-01 0.000000000000000000e+00 5.121887000000000079e+00 0.000000000000000000e+00 0.000000000000000000e+00 1.000000000000000000e+00 0.000000000000000000e+00
8.739467865606511676e-01 4.860216191285235410e-01 0.000000000000000000e+00 -7.901206499999999799e+00 -4.860216191285235410e-01 8.739467865606511676e-01 0.000000000000000000e+00 4.886245699999999914e+00 0.000000000000000000e+00 0.000000000000000000e+00 1.000000000000000000e+00 0.000000000000000000e+00
9.542560537062176884e-01 2.989906084896917782e-01 0.000000000000000000e+00 -7.994432999999999900e+00 -2.989906084896917782e-01 9.542560537062176884e-01 0.000000000000000000e+00 4.530056000000000083e+00 0.000000000000000000e+00 0.000000000000000000e+00 1.000000000000000000e+00 0.000000000000000000e+00
9.999855653869448302e-01 5.372989647508561416e-03 0.000000000000000000e+00 -7.995139599999999902e+00 -5.372989647508561416e-03 9.999855653869448302e-01 0.000000000000000000e+00 4.550551399999999802e+00 0.000000000000000000e+00 0.000000000000000000e+00 1.000000000000000000e+00 0.000000000000000000e+00
9.996902231315356602e-01 2.488890867877675481e-02 0.000000000000000000e+00 -7.986507399999999812e+00 -2.488890867877675481e-02 9.996902231315356602e-01 0.000000000000000000e+00 4.097144000000000119e+00 0.000000000000000000e+00 0.000000000000000000e+00 1.000000000000000000e+00 0.000000000000000000e+00
9.922531846574754733e-01 -1.242321115376285867e-01 0.000000000000000000e+00 -8.018178999999999945e+00 1.242321115376285867e-01 9.922531846574754733e-01 0.000000000000000000e+00 3.634707999999999828e+00 0.000000000000000000e+00 0.000000000000000000e+00 1.000000000000000000e+00 0.000000000000000000e+00
9.396466962502059150e-01 -3.421462936027120372e-01 0.000000000000000000e+00 -7.867215599999999753e+00 3.421462936027120372e-01 9.396466962502059150e-01 0.000000000000000000e+00 3.164603000000000055e+00 0.000000000000000000e+00 0.000000000000000000e+00 1.000000000000000000e+00 0.000000000000000000e+00
8.805524467154104418e-01 -4.739487193605488313e-01 0.000000000000000000e+00 -7.690320999999999962e+00 4.739487193605488313e-01 8.805524467154104418e-01 0.000000000000000000e+00 2.808094300000000043e+00 0.000000000000000000e+00 0.000000000000000000e+00 1.000000000000000000e+00 0.000000000000000000e+00
8.250629997494967061e-01 -5.650407475964560611e-01 0.000000000000000000e+00 -7.428837299999999644e+00 5.650407475964560611e-01 8.250629997494967061e-01 0.000000000000000000e+00 2.359732600000000069e+00 0.000000000000000000e+00 0.000000000000000000e+00 1.000000000000000000e+00 0.000000000000000000e+00
8.659453304815607488e-01 -5.001386653890903533e-01 0.000000000000000000e+00 -7.094381000000000270e+00 5.001386653890903533e-01 8.659453304815607488e-01 0.000000000000000000e+00 1.911698300000000073e+00 0.000000000000000000e+00 0.000000000000000000e+00 1.000000000000000000e+00 0.000000000000000000e+00
8.138442322798404849e-01 -5.810830969705083060e-01 0.000000000000000000e+00 -6.693636399999999931e+00 5.810830969705083060e-01 8.138442322798404849e-01 0.000000000000000000e+00 1.410334999999999894e+00 0.000000000000000000e+00 0.000000000000000000e+00 1.000000000000000000e+00 0.000000000000000000e+00
7.371326301648983836e-01 -6.757480932612234259e-01 0.000000000000000000e+00 -6.442299399999999565e+00 6.757480932612234259e-01 7.371326301648983836e-01 0.000000000000000000e+00 1.133039200000000024e+00 0.000000000000000000e+00 0.000000000000000000e+00 1.000000000000000000e+00 0.000000000000000000e+00
6.520171745100760141e-01 -7.582041968651301866e-01 0.000000000000000000e+00 -6.082671999999999635e+00 7.582041968651301866e-01 6.520171745100760141e-01 0.000000000000000000e+00 7.939511500000000499e-01 0.000000000000000000e+00 0.000000000000000000e+00 1.000000000000000000e+00 0.000000000000000000e+00
7.456843062035847236e-01 -6.662994187913406918e-01 0.000000000000000000e+00 -5.658381499999999953e+00 6.662994187913406918e-01 7.456843062035847236e-01 0.000000000000000000e+00 4.334049799999999952e-01 0.000000000000000000e+00 0.000000000000000000e+00 1.000000000000000000e+00 0.000000000000000000e+00
7.588715929785969649e-01 -6.512402823613774316e-01 0.000000000000000000e+00 -5.305825699999999756e+00 6.512402823613774316e-01 7.588715929785969649e-01 0.000000000000000000e+00 1.504878699999999958e-01 0.000000000000000000e+00 0.000000000000000000e+00 1.000000000000000000e+00 0.000000000000000000e+00
7.021437826452064934e-01 -7.120351876787277545e-01 0.000000000000000000e+00 -4.979855500000000212e+00 7.120351876787277545e-01 7.021437826452064934e-01 0.000000000000000000e+00 -2.987625999999999893e-01 0.000000000000000000e+00 0.000000000000000000e+00 1.000000000000000000e+00 0.000000000000000000e+00
5.977940288069436559e-01 -8.016497359338198292e-01 0.000000000000000000e+00 -4.682395500000000155e+00 8.016497359338198292e-01 5.977940288069436559e-01 0.000000000000000000e+00 -4.624497000000000191e-01 0.000000000000000000e+00 0.000000000000000000e+00 1.000000000000000000e+00 0.000000000000000000e+00
5.547391049924097484e-01 -8.320243538456192356e-01 0.000000000000000000e+00 -4.222528999999999755e+00 8.320243538456192356e-01 5.547391049924097484e-01 0.000000000000000000e+00 -7.483488299999999649e-01 0.000000000000000000e+00 0.000000000000000000e+00 1.000000000000000000e+00 0.000000000000000000e+00
3.476737457583031210e-01 -9.376155750148302825e-01 0.000000000000000000e+00 -3.915665000000000173e+00 9.376155750148302825e-01 3.476737457583031210e-01 0.000000000000000000e+00 -1.153944499999999929e+00 0.000000000000000000e+00 0.000000000000000000e+00 1.000000000000000000e+00 0.000000000000000000e+00
4.163462841886468868e-01 -9.092061216480598063e-01 0.000000000000000000e+00 -3.416227300000000078e+00 9.092061216480598063e-01 4.163462841886468868e-01 0.000000000000000000e+00 -1.267564499999999983e+00 0.000000000000000000e+00 0.000000000000000000e+00 1.000000000000000000e+00 0.000000000000000000e+00
5.671710578162687533e-01 -8.236000189264049975e-01 0.000000000000000000e+00 -2.997452000000000005e+00 8.236000189264049975e-01 5.671710578162687533e-01 0.000000000000000000e+00 -1.390136500000000108e+00 0.000000000000000000e+00 0.000000000000000000e+00 1.000000000000000000e+00 0.000000000000000000e+00
4.821963246846850404e-01 -8.760631851987513707e-01 0.000000000000000000e+00 -2.502055400000000152e+00 8.760631851987513707e-01 4.821963246846850404e-01 0.000000000000000000e+00 -1.690745200000000059e+00 0.000000000000000000e+00 0.000000000000000000e+00 1.000000000000000000e+00 0.000000000000000000e+00
4.340551642685738787e-01 -9.008862938083703753e-01 0.000000000000000000e+00 -2.101294300000000170e+00 9.008862938083703753e-01 4.340551642685738787e-01 0.000000000000000000e+00 -1.755919900000000089e+00 0.000000000000000000e+00 0.000000000000000000e+00 1.000000000000000000e+00 0.000000000000000000e+00
2.871388161993030375e-01 -9.578889811620462380e-01 0.000000000000000000e+00 -2.186343700000000112e+00 9.578889811620462380e-01 2.871388161993030375e-01 0.000000000000000000e+00 -1.844445700000000077e+00 0.000000000000000000e+00 0.000000000000000000e+00 1.000000000000000000e+00 0.000000000000000000e+00
1.877197677957998523e-01 -9.822226268920356551e-01 0.000000000000000000e+00 -1.686714499999999894e+00 9.822226268920356551e-01 1.877197677957998523e-01 0.000000000000000000e+00 -1.887716699999999914e+00 0.000000000000000000e+00 0.000000000000000000e+00 1.000000000000000000e+00 0.000000000000000000e+00
3.127822449134032290e-02 -9.995107166372301233e-01 0.000000000000000000e+00 -1.285001199999999955e+00 9.995107166372301233e-01 3.127822449134032290e-02 0.000000000000000000e+00 -1.718699600000000105e+00 0.000000000000000000e+00 0.000000000000000000e+00 1.000000000000000000e+00 0.000000000000000000e+00
-1.333532377784135692e-01 -9.910685717820002516e-01 0.000000000000000000e+00 -9.002662000000000164e-01 9.910685717820002516e-01 -1.333532377784135692e-01 0.000000000000000000e+00 -1.563312500000000105e+00 0.000000000000000000e+00 0.000000000000000000e+00 1.000000000000000000e+00 0.000000000000000000e+00
-3.243119497872427037e-01 -9.459501885539201016e-01 0.000000000000000000e+00 -4.581941700000000117e-01 9.459501885539201016e-01 -3.243119497872427037e-01 0.000000000000000000e+00 -1.482005599999999923e+00 0.000000000000000000e+00 0.000000000000000000e+00 1.000000000000000000e+00 0.000000000000000000e+00
-4.628008405918517254e-01 -8.864622845600795831e-01 0.000000000000000000e+00 -2.831651600000000268e-01 8.864622845600795831e-01 -4.628008405918517254e-01 0.000000000000000000e+00 -1.195893000000000095e+00 0.000000000000000000e+00 0.000000000000000000e+00 1.000000000000000000e+00 0.000000000000000000e+00
-5.618993128882394661e-01 -8.272056347582047442e-01 0.000000000000000000e+00 -5.823582399999999853e-02 8.272056347582047442e-01 -5.618993128882394661e-01 0.000000000000000000e+00 -9.401179600000000303e-01 0.000000000000000000e+00 0.000000000000000000e+00 1.000000000000000000e+00 0.000000000000000000e+00
-7.204565860211109563e-01 -6.935000415708751920e-01 0.000000000000000000e+00 2.470053299999999952e-01 6.935000415708751920e-01 -7.204565860211109563e-01 0.000000000000000000e+00 -7.483477600000000285e-01 0.000000000000000000e+00 0.000000000000000000e+00 1.000000000000000000e+00 0.000000000000000000e+00
-8.619043064012825717e-01 -5.070709680182093892e-01 0.000000000000000000e+00 5.150637000000000132e-01 5.070709680182093892e-01 -8.619043064012825717e-01 0.000000000000000000e+00 -3.310459599999999725e-01 0.000000000000000000e+00 0.000000000000000000e+00 1.000000000000000000e+00 0.000000000000000000e+00
-9.061920653086759092e-01 -4.228663391328240095e-01 0.000000000000000000e+00 6.747332000000000329e-01 4.228663391328240095e-01 -9.061920653086759092e-01 0.000000000000000000e+00 -3.534870999999999847e-02 0.000000000000000000e+00 0.000000000000000000e+00 1.000000000000000000e+00 0.000000000000000000e+00
9.440974110465643054e-01 3.296666171379423194e-01 0.000000000000000000e+00 7.960869699999999494e-01 -3.296666171379423194e-01 9.440974110465643054e-01 0.000000000000000000e+00 4.145869600000000044e-01 0.000000000000000000e+00 0.000000000000000000e+00 1.000000000000000000e+00 0.000000000000000000e+00
9.741434659378217509e-01 2.259303161832157403e-01 0.000000000000000000e+00 8.957988599999999746e-01 -2.259303161832157403e-01 9.741434659378217509e-01 0.000000000000000000e+00 7.677693399999999668e-01 0.000000000000000000e+00 0.000000000000000000e+00 1.000000000000000000e+00 0.000000000000000000e+00
9.935846957358162035e-01 1.130904611342867655e-01 0.000000000000000000e+00 1.000886299999999896e+00 -1.130904611342867655e-01 9.935846957358162035e-01 0.000000000000000000e+00 1.190192799999999940e+00 0.000000000000000000e+00 0.000000000000000000e+00 1.000000000000000000e+00 0.000000000000000000e+00
9.996647363864752389e-01 -2.589237002205264579e-02 0.000000000000000000e+00 9.755859000000000059e-01 2.589237002205264579e-02 9.996647363864752389e-01 0.000000000000000000e+00 1.796078000000000063e+00 0.000000000000000000e+00 0.000000000000000000e+00 1.000000000000000000e+00 0.000000000000000000e+00
9.597124561901030360e-01 -2.809839878597346630e-01 0.000000000000000000e+00 8.420452000000000492e-01 2.809839878597346630e-01 9.597124561901030360e-01 0.000000000000000000e+00 2.048490000000000144e+00 0.000000000000000000e+00 0.000000000000000000e+00 1.000000000000000000e+00 0.000000000000000000e+00
8.834571105551503045e-01 -4.685120423314058091e-01 0.000000000000000000e+00 6.900272400000000417e-01 4.685120423314058091e-01 8.834571105551503045e-01 0.000000000000000000e+00 2.374331499999999817e+00 0.000000000000000000e+00 0.000000000000000000e+00 1.000000000000000000e+00 0.000000000000000000e+00
7.415380117015000216e-01 -6.709108563749628384e-01 0.000000000000000000e+00 2.638397199999999998e-01 6.709108563749628384e-01 7.415380117015000216e-01 0.000000000000000000e+00 2.737989400000000018e+00 0.000000000000000000e+00 0.000000000000000000e+00 1.000000000000000000e+00 0.000000000000000000e+00
7.064204583717503816e-01 -7.077924384972236194e-01 0.000000000000000000e+00 -1.578659000000000034e-01 7.077924384972236194e-01 7.064204583717503816e-01 0.000000000000000000e+00 3.209866799999999909e+00 0.000000000000000000e+00 0.000000000000000000e+00 1.000000000000000000e+00 0.000000000000000000e+00
6.456840236884757722e-01 -7.636047024170685704e-01 0.000000000000000000e+00 -3.159065799999999924e-01 7.636047024170685704e-01 6.456840236884757722e-01 0.000000000000000000e+00 3.461524999999999963e+00 0.000000000000000000e+00 0.000000000000000000e+00 1.000000000000000000e+00 0.000000000000000000e+00
-5.485791211267905254e-01 8.360986472084248611e-01 0.000000000000000000e+00 -8.300817999999999808e-01 -8.360986472084248611e-01 -5.485791211267905254e-01 0.000000000000000000e+00 3.641185000000000116e+00 0.000000000000000000e+00 0.000000000000000000e+00 1.000000000000000000e+00 0.000000000000000000e+00
