9.999916479712779305e-01 4.087051221572256601e-03 0.000000000000000000e+00 -7.999998999999999860e+00 -4.087051221572256601e-03 9.999916479712779305e-01 0.000000000000000000e+00 4.999998999999999860e+00 0.000000000000000000e+00 0.000000000000000000e+00 1.000000000000000000e+00 0.000000000000000000e+00
9.932983066926004412e-01 1.155788645108294654e-01 0.000000000000000000e+00 -7.977750300000000294e+00 -1.155788645108294654e-01 9.932983066926004412e-01 0.000000000000000000e+00 4.534738499999999561e+00 0.000000000000000000e+00 0.000000000000000000e+00 1.000000000000000000e+00 0.000000000000000000e+00
9.715059205624786420e-01 2.370152870851389704e-01 0.000000000000000000e+00 -8.005701999999999430e+00 -2.370152870851389704e-01 9.715059205624786420e-01 0.000000000000000000e+00 4.072315999999999825e+00 0.000000000000000000e+00 0.000000000000000000e+00 1.000000000000000000e+00 0.000000000000000000e+00
9.560050927233268991e-01 2.933500684967758620e-01 0.000000000000000000e+00 -8.015233999999999526e+00 -2.933500684967758620e-01 9.560050927233268991e-01 0.000000000000000000e+00 3.700785199999999886e+00 0.000000000000000000e+00 0.000000000000000000e+00 1.000000000000000000e+00 0.000000000000000000e+00
9.265179399689996709e-01 3.762505905850528354e-01 0.000000000000000000e+00 -8.050451999999999941e+00 -3.762505905850528354e-01 9.265179399689996709e-01 0.000000000000000000e+00 3.335437000000000207e+00 0.000000000000000000e+00 0.000000000000000000e+00 1.000000000000000000e+00 0.000000000000000000e+00
9.052541728728128456e-01 4.248704302447506853e-01 0.000000000000000000e+00 -8.202042000000000499e+00 -4.248704302447506853e-01 9.052541728728128456e-01 0.000000000000000000e+00 2.786664500000000100e+00 0.000000000000000000e+00 0.000000000000000000e+00 1.000000000000000000e+00 0.000000000000000000e+00
7.588330186855613002e-01 6.512852291834649865e-01 0.000000000000000000e+00 -8.272610000000000241e+00 -6.512852291834649865e-01 7.588330186855613002e-01 0.000000000000000000e+00 2.140905099999999894e+00 0.000000000000000000e+00 0.000000000000000000e+00 1.000000000000000000e+00 0.000000000000000000e+00
6.114443925970867166e-01 7.912874033886674319e-01 0.000000000000000000e+00 -8.566147000000000844e+00 -7.912874033886674319e-01 6.114443925970867166e-01 0.000000000000000000e+00 1.670363100000000101e+00 0.000000000000000000e+00 0.000000000000000000e+00 1.000000000000000000e+00 0.000000000000000000e+00
5.352487685465813216e-01 8.446944748069376008e-01 0.000000000000000000e+00 -8.874717000000000411e+00 -8.446944748069376008e-01 5.352487685465813216e-01 0.000000000000000000e+00 1.292243500000000100e+00 0.000000000000000000e+00 0.000000000000000000e+00 1.000000000000000000e+00 0.000000000000000000e+00
4.764406866172830601e-01 8.792066151568992405e-01 0.000000000000000000e+00 -9.352738000000000440e+00 -8.792066151568992405e-01 4.764406866172830601e-01 0.000000000000000000e+00 9.870638999999999941e-01 0.000000000000000000e+00 0.000000000000000000e+00 1.000000000000000000e+00 0.000000000000000000e+00
3.594978640841303141e-01 9.331459080545486673e-01 0.000000000000000000e+00 -9.747073999999999572e+00 -9.331459080545486673e-01 3.594978640841303141e-01 0.000000000000000000e+00 6.091442000000000245e-01 0.000000000000000000e+00 0.000000000000000000e+00 1.000000000000000000e+00 0.000000000000000000e+00
-3.917944267982782086e-02 9.992321908702191946e-01 0.000000000000000000e+00 -1.014489649999999976e+01 -9.992321908702191946e-01 -3.917944267982782086e-02 0.000000000000000000e+00 4.567120000000000068e-01 0.000000000000000000e+00 0.000000000000000000e+00 1.000000000000000000e+00 0.000000000000000000e+00
-2.808664432469125671e-01 9.597468630101526621e-01 0.000000000000000000e+00 -1.059037599999999912e+01 -9.597468630101526621e-01 -2.808664432469125671e-01 0.000000000000000000e+00 3.337559700000000129e-01 0.000000000000000000e+00 0.000000000000000000e+00 1.000000000000000000e+00 0.000000000000000000e+00
-4.105561235334646009e-01 9.118353302154805773e-01 0.000000000000000000e+00 -1.119061800000000062e+01 -9.118353302154805773e-01 -4.105561235334646009e-01 0.000000000000000000e+00 7.334403999999999924e-01 0.000000000000000000e+00 0.000000000000000000e+00 1.000000000000000000e+00 0.000000000000000000e+00
-3.842594669664214369e-01 9.232251415806881356e-01 0.000000000000000000e+00 -1.163868599999999986e+01 -9.232251415806881356e-01 -3.842594669664214369e-01 0.000000000000000000e+00 8.209166500000000255e-01 0.000000000000000000e+00 0.000000000000000000e+00 1.000000000000000000e+00 0.000000000000000000e+00
-5.143981461912746633e-01 8.575514836993636258e-01 0.000000000000000000e+00 -1.213002999999999965e+01 -8.575514836993636258e-01 -5.143981461912746633e-01 0.000000000000000000e+00 1.123037300000000016e+00 0.000000000000000000e+00 0.000000000000000000e+00 1.000000000000000000e+00 0.000000000000000000e+00
-5.395775540518549240e-01 8.419359020515858605e-01 0.000000000000000000e+00 -1.235170600000000007e+01 -8.419359020515858605e-01 -5.395775540518549240e-01 0.000000000000000000e+00 1.436409000000000047e+00 0.000000000000000000e+00 0.000000000000000000e+00 1.000000000000000000e+00 0.000000000000000000e+00
-5.853668641051900101e-01 8.107685455218746062e-01 0.000000000000000000e+00 -1.300810399999999944e+01 -8.107685455218746062e-01 -5.853668641051900101e-01 0.000000000000000000e+00 1.858640700000000034e+00 0.000000000000000000e+00 0.000000000000000000e+00 1.000000000000000000e+00 0.000000000000000000e+00
-7.113307011644539601e-01 7.028574774311547868e-01 0.000000000000000000e+00 -1.336009600000000042e+01 -7.028574774311547868e-01 -7.113307011644539601e-01 0.000000000000000000e+00 2.406049700000000069e+00 0.000000000000000000e+00 0.000000000000000000e+00 1.000000000000000000e+00 0.000000000000000000e+00
-7.229990843073488271e-01 6.908489879059931393e-01 0.000000000000000000e+00 -1.379116900000000001e+01 -6.908489879059931393e-01 -7.229990843073488271e-01 0.000000000000000000e+00 2.544399299999999808e+00 0.000000000000000000e+00 0.000000000000000000e+00 1.000000000000000000e+00 0.000000000000000000e+00
-6.465011278059330513e-01 7.629130302633824190e-01 0.000000000000000000e+00 -1.371110400000000062e+01 -7.629130302633824190e-01 -6.465011278059330513e-01 0.000000000000000000e+00 2.656518999999999853e+00 0.000000000000000000e+00 0.000000000000000000e+00 1.000000000000000000e+00 0.000000000000000000e+00
-6.314685474784240693e-01 7.754014918385759847e-01 0.000000000000000000e+00 -1.396868300000000040e+01 -7.754014918385759847e-01 -6.314685474784240693e-01 0.000000000000000000e+00 2.781003999999999809e+00 0.000000000000000000e+00 0.000000000000000000e+00 1.000000000000000000e+00 0.000000000000000000e+00
-5.943576530169385475e-01 8.042008333122991903e-01 0.000000000000000000e+00 -1.439728299999999983e+01 -8.042008333122991903e-01 -5.943576530169385475e-01 0.000000000000000000e+00 3.041393300000000188e+00 0.000000000000000000e+00 0.000000000000000000e+00 1.000000000000000000e+00 0.000000000000000000e+00
-3.526781084478983752e-01 9.357447044047925155e-01 0.000000000000000000e+00 -1.485418699999999959e+01 -9.357447044047925155e-01 -3.526781084478983752e-01 0.000000000000000000e+00 3.225026999999999866e+00 0.000000000000000000e+00 0.000000000000000000e+00 1.000000000000000000e+00 0.000000000000000000e+00
-1.354598475265648416e-01 9.907828368053616108e-01 0.000000000000000000e+00 -1.533151699999999984e+01 -9.907828368053616108e-01 -1.354598475265648416e-01 0.000000000000000000e+00 3.405725499999999961e+00 0.000000000000000000e+00 0.000000000000000000e+00 1.000000000000000000e+00 0.000000000000000000e+00
4.142536955759813788e-02 9.991416009540471377e-01 0.000000000000000000e+00 -1.574368300000000076e+01 -9.991416009540471377e-01 4.142536955759813788e-02 0.000000000000000000e+00 3.400513600000000025e+00 0.000000000000000000e+00 0.000000000000000000e+00 1.000000000000000000e+00 0.000000000000000000e+00
2.483249214373868252e-01 9.686767951144054090e-01 0.000000000000000000e+00 -1.603613000000000000e+01 -9.686767951144054090e-01 2.483249214373868252e-01 0.000000000000000000e+00 3.269059200000000054e+00 0.000000000000000000e+00 0.000000000000000000e+00 1.000000000000000000e+00 0.000000000000000000e+00
3.935851086547675903e-01 9.192881823700415067e-01 0.000000000000000000e+00 -1.620041700000000162e+01 -9.192881823700415067e-01 3.935851086547675903e-01 0.000000000000000000e+00 3.159737600000000146e+00 0.000000000000000000e+00 0.000000000000000000e+00 1.000000000000000000e+00 0.000000000000000000e+00
6.318983435323827225e-01 7.750512779429699073e-01 0.000000000000000000e+00 -1.649516900000000064e+01 -7.750512779429699073e-01 6.318983435323827225e-01 0.000000000000000000e+00 2.921523000000000092e+00 0.000000000000000000e+00 0.000000000000000000e+00 1.000000000000000000e+00 0.000000000000000000e+00
8.328330077093210049e-01 5.535243276224144360e-01 0.000000000000000000e+00 -1.696795799999999943e+01 -5.535243276224144360e-01 8.328330077093210049e-01 0.000000000000000000e+00 2.632121000000000155e+00 0.000000000000000000e+00 0.000000000000000000e+00 1.000000000000000000e+00 0.000000000000000000e+00
-9.273642282972680562e-01 -3.741598429476530874e-01 0.000000000000000000e+00 -1.718090000000000117e+01 3.741598429476530874e-01 -9.273642282972680562e-01 0.000000000000000000e+00 2.352273999999999976e+00 0.000000000000000000e+00 0.000000000000000000e+00 1.000000000000000000e+00 0.000000000000000000e+00
-9.640597202998504311e-01 -2.656856332122121134e-01 0.000000000000000000e+00 -1.724237000000000108e+01 2.656856332122121134e-01 -9.640597202998504311e-01 0.000000000000000000e+00 1.774625799999999920e+00 0.000000000000000000e+00 0.000000000000000000e+00 1.000000000000000000e+00 0.000000000000000000e+00
-9.740037668008389993e-01 -2.265318129044502915e-01 0.000000000000000000e+00 -1.725209999999999866e+01 2.265318129044502915e-01 -9.740037668008389993e-01 0.000000000000000000e+00 1.328096399999999955e+00 0.000000000000000000e+00 0.000000000000000000e+00 1.000000000000000000e+00 0.000000000000000000e+00
-9.955557066491599327e-01 9.417449207875687456e-02 0.000000000000000000e+00 -1.741516499999999823e+01 -9.417449207875687456e-02 -9.955557066491599327e-01 0.000000000000000000e+00 1.128023100000000056e+00 0.000000000000000000e+00 0.000000000000000000e+00 1.000000000000000000e+00 0.000000000000000000e+00
-9.251534612850843553e-01 3.795932995618177541e-01 0.000000000000000000e+00 -1.716382600000000025e+01 -3.795932995618177541e-01 -9.251534612850843553e-01 0.000000000000000000e+00 7.278385000000000549e-01 0.000000000000000000e+00 0.000000000000000000e+00 1.000000000000000000e+00 0.000000000000000000e+00
-7.816468778866331180e-01 6.237212184061713405e-01 0.000000000000000000e+00 -1.687629300000000043e+01 -6.237212184061713405e-01 -7.816468778866331180e-01 0.000000000000000000e+00 3.265647999999999884e-01 0.000000000000000000e+00 0.000000000000000000e+00 1.000000000000000000e+00 0.000000000000000000e+00
-5.790112664569820877e-01 8.153195406194320149e-01 0.000000000000000000e+00 -1.648333200000000076e+01 -8.153195406194320149e-01 -5.790112664569820877e-01 0.000000000000000000e+00 1.519947000000000104e-01 0.000000000000000000e+00 0.000000000000000000e+00 1.000000000000000000e+00 0.000000000000000000e+00
-3.716362418172698412e-01 9.283784270263585325e-01 0.000000000000000000e+00 -1.617233299999999829e+01 -9.283784270263585325e-01 -3.716362418172698412e-01 0.000000000000000000e+00 -1.620636000000000021e-01 0.000000000000000000e+00 0.000000000000000000e+00 1.000000000000000000e+00 0.000000000000000000e+00
-3.033448700970969303e-01 9.528808371385035780e-01 0.000000000000000000e+00 -1.583339499999999944e+01 -9.528808371385035780e-01 -3.033448700970969303e-01 0.000000000000000000e+00 -3.932161299999999970e-01 0.000000000000000000e+00 0.000000000000000000e+00 1.000000000000000000e+00 0.000000000000000000e+00
-2.548898347492027927e-01 9.669700988869945890e-01 0.000000000000000000e+00 -1.526700400000000002e+01 -9.669700988869945890e-01 -2.548898347492027927e-01 0.000000000000000000e+00 -5.758409500000000181e-01 0.000000000000000000e+00 0.000000000000000000e+00 1.000000000000000000e+00 0.000000000000000000e+00
2.371757568252402248e-01 -9.714667572152814179e-01 0.000000000000000000e+00 -1.538402400000000014e+01 9.714667572152814179e-01 2.371757568252402248e-01 0.000000000000000000e+00 -4.753169999999999895e-01 0.000000000000000000e+00 0.000000000000000000e+00 1.000000000000000000e+00 0.000000000000000000e+00
-4.945867981483523246e-02 9.987761706163066355e-01 0.000000000000000000e+00 -1.461523599999999945e+01 -9.987761706163066355e-01 -4.945867981483523246e-02 0.000000000000000000e+00 -4.850101499999999732e-01 0.000000000000000000e+00 0.000000000000000000e+00 1.000000000000000000e+00 0.000000000000000000e+00
1.473607264707791908e-01 9.890828156903769264e-01 0.000000000000000000e+00 -1.413742399999999932e+01 -9.890828156903769264e-01 1.473607264707791908e-01 0.000000000000000000e+00 -4.069156600000000124e-01 0.000000000000000000e+00 0.000000000000000000e+00 1.000000000000000000e+00 0.000000000000000000e+00
2.474142626305035619e-01 9.689097907684720568e-01 0.000000000000000000e+00 -1.353171700000000044e+01 -9.689097907684720568e-01 2.474142626305035619e-01 0.000000000000000000e+00 -3.961410499999999946e-01 0.000000000000000000e+00 0.000000000000000000e+00 1.000000000000000000e+00 0.000000000000000000e+00
3.494265783951100435e-01 9.369637486643151991e-01 0.000000000000000000e+00 -1.293733199999999961e+01 -9.369637486643151991e-01 3.494265783951100435e-01 0.000000000000000000e+00 -3.109235799999999772e-01 0.000000000000000000e+00 0.000000000000000000e+00 1.000000000000000000e+00 0.000000000000000000e+00
4.088108140552482173e-01 9.126191529392122526e-01 0.000000000000000000e+00 -1.246493300000000026e+01 -9.126191529392122526e-01 4.088108140552482173e-01 0.000000000000000000e+00 -1.756000500000000006e-02 0.000000000000000000e+00 0.000000000000000000e+00 1.000000000000000000e+00 0.000000000000000000e+00
4.408525945482615893e-01 8.975795173019859297e-01 0.000000000000000000e+00 -1.208184050000000020e+01 -8.975795173019859297e-01 4.408525945482615893e-01 0.000000000000000000e+00 2.238473900000000072e-01 0.000000000000000000e+00 0.000000000000000000e+00 1.000000000000000000e+00 0.000000000000000000e+00
5.526900378948110815e-01 8.333868981522521979e-01 0.000000000000000000e+00 -1.141489800000000088e+01 -8.333868981522521979e-01 5.526900378948110815e-01 0.000000000000000000e+00 3.234758400000000145e-01 0.000000000000000000e+00 0.000000000000000000e+00 1.000000000000000000e+00 0.000000000000000000e+00
6.628065134511373913e-01 7.487907088945129352e-01 0.000000000000000000e+00 -1.099643400000000071e+01 -7.487907088945129352e-01 6.628065134511373913e-01 0.000000000000000000e+00 6.806841000000000141e-01 0.000000000000000000e+00 0.000000000000000000e+00 1.000000000000000000e+00 0.000000000000000000e+00
6.988668023629323045e-01 7.152518385540929113e-01 0.000000000000000000e+00 -1.048648799999999959e+01 -7.152518385540929113e-01 6.988668023629323045e-01 0.000000000000000000e+00 1.098144500000000079e+00 0.000000000000000000e+00 0.000000000000000000e+00 1.000000000000000000e+00 0.000000000000000000e+00
7.742351008723106220e-01 6.328981028390296970e-01 0.000000000000000000e+00 -1.005829999999999913e+01 -6.328981028390296970e-01 7.742351008723106220e-01 0.000000000000000000e+00 1.391735600000000073e+00 0.000000000000000000e+00 0.000000000000000000e+00 1.000000000000000000e+00 0.000000000000000000e+00
7.813526195658115903e-01 6.240898043532229211e-01 0.000000000000000000e+00 -9.784909000000000745e+00 -6.240898043532229211e-01 7.813526195658115903e-01 0.000000000000000000e+00 1.855401999999999996e+00 0.000000000000000000e+00 0.000000000000000000e+00 1.000000000000000000e+00 0.000000000000000000e+00
9.105258896302940164e-01 4.134520580586843463e-01 0.000000000000000000e+00 -9.415063999999999211e+00 -4.134520580586843463e-01 9.105258896302940164e-01 0.000000000000000000e+00 2.233550000000000146e+00 0.000000000000000000e+00 0.000000000000000000e+00 1.000000000000000000e+00 0.000000000000000000e+00
9.493501424775320219e-01 3.142201568612198459e-01 0.000000000000000000e+00 -9.153366000000000113e+00 -3.142201568612198459e-01 9.493501424775320219e-01 0.000000000000000000e+00 2.454879800000000056e+00 0.000000000000000000e+00 0.000000000000000000e+00 1.000000000000000000e+00 0.000000000000000000e+00
9.898212530641131712e-01 1.423161515169268643e-01 0.000000000000000000e+00 -9.099116999999999678e+00 -1.423161515169268643e-01 9.898212530641131712e-01 0.000000000000000000e+00 2.892434999999999867e+00 0.000000000000000000e+00 0.000000000000000000e+00 1.000000000000000000e+00 0.000000000000000000e+00
9.993389750554386719e-01 -3.635399476185928458e-02 0.000000000000000000e+00 -8.791152000000000299e+00 3.635399476185928458e-02 9.993389750554386719e-01 0.000000000000000000e+00 3.399390700000000098e+00 0.000000000000000000e+00 0.000000000000000000e+00 1.000000000000000000e+00 0.000000000000000000e+00
9.665926914520029944e-01 -2.563173205844133662e-01 0.000000000000000000e+00 -8.765677000000000163e+00 2.563173205844133662e-01 9.665926914520029944e-01 0.000000000000000000e+00 4.010248699999999999e+00 0.000000000000000000e+00 0.000000000000000000e+00 1.000000000000000000e+00 0.000000000000000000e+00
8.985453007789785396e-01 -4.388807838673446926e-01 0.000000000000000000e+00 -8.915546000000000859e+00 4.388807838673446926e-01 8.985453007789785396e-01 0.000000000000000000e+00 4.376256999999999842e+00 0.000000000000000000e+00 0.000000000000000000e+00 1.000000000000000000e+00 0.000000000000000000e+00
5.525078343464324693e-01 -8.335077042150330628e-01 0.000000000000000000e+00 -9.145585999999999771e+00 8.335077042150330628e-01 5.525078343464324693e-01 0.000000000000000000e+00 4.862948000000000270e+00 0.000000000000000000e+00 0.000000000000000000e+00 1.000000000000000000e+00 0.000000000000000000e+00
3.479326014324778948e-01 -9.375195490550735089e-01 0.000000000000000000e+00 -9.423106999999999900e+00 9.375195490550735089e-01 3.479326014324778948e-01 0.000000000000000000e+00 5.108030300000000246e+00 0.000000000000000000e+00 0.000000000000000000e+00 1.000000000000000000e+00 0.000000000000000000e+00
9.864129849472370593e-01 1.642845797008408160e-01 0.000000000000000000e+00 -9.317671999999999954e+00 -1.642845797008408160e-01 9.864129849472370593e-01 0.000000000000000000e+00 4.994879700000000255e+00 0.000000000000000000e+00 0.000000000000000000e+00 1.000000000000000000e+00 0.000000000000000000e+00
-3.442670295094361621e-01 -9.388717763319701648e-01 0.000000000000000000e+00 -9.674913000000000096e+00 9.388717763319701648e-01 -3.442670295094361621e-01 0.000000000000000000e+00 4.918477000000000210e+00 0.000000000000000000e+00 0.000000000000000000e+00 1.000000000000000000e+00 0.000000000000000000e+00
-7.099195551419599237e-01 -7.042827736265042660e-01 0.000000000000000000e+00 -9.987488000000000810e+00 7.042827736265042660e-01 -7.099195551419599237e-01 0.000000000000000000e+00 4.808555600000000041e+00 0.000000000000000000e+00 0.000000000000000000e+00 1.000000000000000000e+00 0.000000000000000000e+00
-9.298437164308501757e-01 -3.679547023942820738e-01 0.000000000000000000e+00 -1.029622799999999927e+01 3.679547023942820738e-01 -9.298437164308501757e-01 0.000000000000000000e+00 4.443531000000000120e+00 0.000000000000000000e+00 0.000000000000000000e+00 1.000000000000000000e+00 0.000000000000000000e+00
-9.966866000038125950e-01 8.133769957922416804e-02 0.000000000000000000e+00 -1.030938399999999966e+01 -8.133769957922416804e-02 -9.966866000038125950e-01 0.000000000000000000e+00 3.951351199999999952e+00 0.000000000000000000e+00 0.000000000000000000e+00 1.000000000000000000e+00 0.000000000000000000e+00
-9.035225125876000796e-01 4.285406273008314226e-01 0.000000000000000000e+00 -1.000107599999999941e+01 -4.285406273008314226e-01 -9.035225125876000796e-01 0.000000000000000000e+00 3.515090499999999896e+00 0.000000000000000000e+00 0.000000000000000000e+00 1.000000000000000000e+00 0.000000000000000000e+00
-7.846168443664284231e-01 6.199809735277912459e-01 0.000000000000000000e+00 -9.651039000000000811e+00 -6.199809735277912459e-01 -7.846168443664284231e-01 0.000000000000000000e+00 2.928738599999999970e+00 0.000000000000000000e+00 0.000000000000000000e+00 1.000000000000000000e+00 0.000000000000000000e+00
-5.821672503509565111e-01 8.130690577182276835e-01 0.000000000000000000e+00 -9.195676000000000627e+00 -8.130690577182276835e-01 -5.821672503509565111e-01 0.000000000000000000e+00 2.543201400000000056e+00 0.000000000000000000e+00 0.000000000000000000e+00 1.000000000000000000e+00 0.000000000000000000e+00
-2.468802000122732321e-01 9.690460086300856091e-01 0.000000000000000000e+00 -8.783710499999999755e+00 -9.690460086300856091e-01 -2.468802000122732321e-01 0.000000000000000000e+00 2.556944000000000106e+00 0.000000000000000000e+00 0.000000000000000000e+00 1.000000000000000000e+00 0.000000000000000000e+00
1.381632391936261917e-01 9.904094705401018661e-01 0.000000000000000000e+00 -8.238573000000000590e+00 -9.904094705401018661e-01 1.381632391936261917e-01 0.000000000000000000e+00 2.642874700000000132e+00 0.000000000000000000e+00 0.000000000000000000e+00 1.000000000000000000e+00 0.000000000000000000e+00
-5.203117613930249297e-01 -8.539763878211668047e-01 0.000000000000000000e+00 -7.720659699999999681e+00 8.539763878211668047e-01 -5.203117613930249297e-01 0.000000000000000000e+00 2.706768999999999981e+00 0.000000000000000000e+00 0.000000000000000000e+00 1.000000000000000000e+00 0.000000000000000000e+00
-7.536188564177024318e-01 -6.573116606691793429e-01 0.000000000000000000e+00 -7.203027699999999811e+00 6.573116606691793429e-01 -7.536188564177024318e-01 0.000000000000000000e+00 3.238940200000000047e+00 0.000000000000000000e+00 0.000000000000000000e+00 1.000000000000000000e+00 0.000000000000000000e+00
-9.590970376694524235e-01 -2.830775023446423511e-01 0.000000000000000000e+00 -7.012854599999999827e+00 2.830775023446423511e-01 -9.590970376694524235e-01 0.000000000000000000e+00 3.676679599999999937e+00 0.000000000000000000e+00 0.000000000000000000e+00 1.000000000000000000e+00 0.000000000000000000e+00
-9.952731719400158550e-01 9.711494847066404201e-02 0.000000000000000000e+00 -6.725348499999999952e+00 -9.711494847066404201e-02 -9.952731719400158550e-01 0.000000000000000000e+00 4.132125399999999615e+00 0.000000000000000000e+00 0.000000000000000000e+00 1.000000000000000000e+00 0.000000000000000000e+00
-8.793720172222792009e-01 4.761353329951679147e-01 0.000000000000000000e+00 -6.796957500000000429e+00 -4.761353329951679147e-01 -8.793720172222792009e-01 0.000000000000000000e+00 4.481753999999999571e+00 0.000000000000000000e+00 0.000000000000000000e+00 1.000000000000000000e+00 0.000000000000000000e+00
-5.307874829026421049e-01 8.475049545541768481e-01 0.000000000000000000e+00 -7.071615699999999727e+00 -8.475049545541768481e-01 -5.307874829026421049e-01 0.000000000000000000e+00 4.896710399999999908e+00 0.000000000000000000e+00 0.000000000000000000e+00 1.000000000000000000e+00 0.000000000000000000e+00
-1.480664382887312558e-01 9.889774162499815890e-01 0.000000000000000000e+00 -7.318636999999999837e+00 -9.889774162499815890e-01 -1.480664382887312558e-01 0.000000000000000000e+00 5.128388400000000402e+00 0.000000000000000000e+00 0.000000000000000000e+00 1.000000000000000000e+00 0.000000000000000000e+00
5.046709089622316569e-01 8.633118055761979104e-01 0.000000000000000000e+00 -7.692837700000000112e+00 -8.633118055761979104e-01 5.046709089622316569e-01 0.000000000000000000e+00 5.094199699999999886e+00 0.000000000000000000e+00 0.000000000000000000e+00 1.000000000000000000e+00 0.000000000000000000e+00
8.057010191810006772e-01 5.923224355793867968e-01 0.000000000000000000e+00 -8.007812500000000000e+00 -5.923224355793867968e-01 8.057010191810006772e-01 0.000000000000000000e+00 4.914469699999999719e+00 0.000000000000000000e+00 0.000000000000000000e+00 1.000000000000000000e+00 0.000000000000000000e+00
9.332645370811885055e-01 3.591897880322253434e-01 0.000000000000000000e+00 -8.075018000000000029e+00 -3.591897880322253434e-01 9.332645370811885055e-01 0.000000000000000000e+00 4.550712599999999775e+00 0.000000000000000000e+00 0.000000000000000000e+00 1.000000000000000000e+00 0.000000000000000000e+00
9.999751062643326138e-01 7.055979849517900887e-03 0.000000000000000000e+00 -8.002077999999999136e+00 -7.055979849517900887e-03 9.999751062643326138e-01 0.000000000000000000e+00 4.550154000000000032e+00 0.000000000000000000e+00 0.000000000000000000e+00 1.000000000000000000e+00 0.000000000000000000e+00
9.782071501772754418e-01 2.076313351641639049e-01 0.000000000000000000e+00 -7.992740600000000306e+00 -2.076313351641639049e-01 9.782071501772754418e-01 0.000000000000000000e+00 4.086208300000000015e+00 0.000000000000000000e+00 0.000000000000000000e+00 1.000000000000000000e+00 0.000000000000000000e+00
9.713182897449150754e-01 2.377830523965348553e-01 0.000000000000000000e+00 -8.113293999999999784e+00 -2.377830523965348553e-01 9.713182897449150754e-01 0.000000000000000000e+00 3.633650300000000222e+00 0.000000000000000000e+00 0.000000000000000000e+00 1.000000000000000000e+00 0.000000000000000000e+00
9.742558967605587927e-01 2.254449991179211243e-01 0.000000000000000000e+00 -8.177436999999999401e+00 -2.254449991179211243e-01 9.742558967605587927e-01 0.000000000000000000e+00 3.137042800000000131e+00 0.000000000000000000e+00 0.000000000000000000e+00 1.000000000000000000e+00 0.000000000000000000e+00
9.589461874325110324e-01 2.835880984961313134e-01 0.000000000000000000e+00 -8.250068999999999875e+00 -2.835880984961313134e-01 9.589461874325110324e-01 0.000000000000000000e+00 2.736633799999999894e+00 0.000000000000000000e+00 0.000000000000000000e+00 1.000000000000000000e+00 0.000000000000000000e+00
9.139817660311653214e-01 4.057552604249908823e-01 0.000000000000000000e+00 -8.415133000000000862e+00 -4.057552604249908823e-01 9.139817660311653214e-01 0.000000000000000000e+00 2.239587300000000170e+00 0.000000000000000000e+00 0.000000000000000000e+00 1.000000000000000000e+00 0.000000000000000000e+00
7.522171376192583470e-01 6.589153040200916855e-01 0.000000000000000000e+00 -8.644857000000000014e+00 -6.589153040200916855e-01 7.522171376192583470e-01 0.000000000000000000e+00 1.733302600000000027e+00 0.000000000000000000e+00 0.000000000000000000e+00 1.000000000000000000e+00 0.000000000000000000e+00
6.468976740108879353e-01 7.625768153827540141e-01 0.000000000000000000e+00 -9.025703000000000031e+00 -7.625768153827540141e-01 6.468976740108879353e-01 0.000000000000000000e+00 1.227157999999999971e+00 0.000000000000000000e+00 0.000000000000000000e+00 1.000000000000000000e+00 0.000000000000000000e+00
5.707090079169038210e-01 8.211523782359175794e-01 0.000000000000000000e+00 -9.323318999999999690e+00 -8.211523782359175794e-01 5.707090079169038210e-01 0.000000000000000000e+00 9.942722299999999791e-01 0.000000000000000000e+00 0.000000000000000000e+00 1.000000000000000000e+00 0.000000000000000000e+00
4.443412760531367800e-01 8.958575949309521835e-01 0.000000000000000000e+00 -9.728821999999999193e+00 -8.958575949309521835e-01 4.443412760531367800e-01 0.000000000000000000e+00 7.115311600000000514e-01 0.000000000000000000e+00 0.000000000000000000e+00 1.000000000000000000e+00 0.000000000000000000e+00
1.125694165457550161e-01 9.936438629904319475e-01 0.000000000000000000e+00 -1.024747499999999967e+01 -9.936438629904319475e-01 1.125694165457550161e-01 0.000000000000000000e+00 5.161308999999999481e-01 0.000000000000000000e+00 0.000000000000000000e+00 1.000000000000000000e+00 0.000000000000000000e+00
-1.488933693415467885e-01 9.888532573471767728e-01 0.000000000000000000e+00 -1.068610199999999999e+01 -9.888532573471767728e-01 -1.488933693415467885e-01 0.000000000000000000e+00 4.801824000000000092e-01 0.000000000000000000e+00 0.000000000000000000e+00 1.000000000000000000e+00 0.000000000000000000e+00
-2.765214007646427663e-01 9.610077600722898294e-01 0.000000000000000000e+00 -1.123432299999999984e+01 -9.610077600722898294e-01 -2.765214007646427663e-01 0.000000000000000000e+00 6.955337499999999507e-01 0.000000000000000000e+00 0.000000000000000000e+00 1.000000000000000000e+00 0.000000000000000000e+00
-3.512433852223660335e-01 9.362841899431670889e-01 0.000000000000000000e+00 -1.158817299999999939e+01 -9.362841899431670889e-01 -3.512433852223660335e-01 0.000000000000000000e+00 7.613039000000000334e-01 0.000000000000000000e+00 0.000000000000000000e+00 1.000000000000000000e+00 0.000000000000000000e+00
-4.648176710184839799e-01 8.854064223332426264e-01 0.000000000000000000e+00 -1.212111400000000039e+01 -8.854064223332426264e-01 -4.648176710184839799e-01 0.000000000000000000e+00 9.913921399999999773e-01 0.000000000000000000e+00 0.000000000000000000e+00 1.000000000000000000e+00 0.000000000000000000e+00
-4.147050780019415628e-01 9.099558771058097184e-01 0.000000000000000000e+00 -1.246782900000000005e+01 -9.099558771058097184e-01 -4.147050780019415628e-01 0.000000000000000000e+00 1.452761699999999934e+00 0.000000000000000000e+00 0.000000000000000000e+00 1.000000000000000000e+00 0.000000000000000000e+00
-5.715683975183517562e-01 8.205544265667594761e-01 0.000000000000000000e+00 -1.295317900000000044e+01 -8.205544265667594761e-01 -5.715683975183517562e-01 0.000000000000000000e+00 1.689266200000000051e+00 0.000000000000000000e+00 0.000000000000000000e+00 1.000000000000000000e+00 0.000000000000000000e+00
-7.922032664166119842e-01 6.102573102215577139e-01 0.000000000000000000e+00 -1.336530699999999960e+01 -6.102573102215577139e-01 -7.922032664166119842e-01 0.000000000000000000e+00 1.942221600000000103e+00 0.000000000000000000e+00 0.000000000000000000e+00 1.000000000000000000e+00 0.000000000000000000e+00
-7.463110944496338384e-01 6.655972883819387675e-01 0.000000000000000000e+00 -1.373295500000000047e+01 -6.655972883819387675e-01 -7.463110944496338384e-01 0.000000000000000000e+00 2.490142800000000101e+00 0.000000000000000000e+00 0.000000000000000000e+00 1.000000000000000000e+00 0.000000000000000000e+00
-7.375000918457561561e-01 6.753470326635789833e-01 0.000000000000000000e+00 -1.409115000000000073e+01 -6.753470326635789833e-01 -7.375000918457561561e-01 0.000000000000000000e+00 2.752012300000000078e+00 0.000000000000000000e+00 0.000000000000000000e+00 1.000000000000000000e+00 0.000000000000000000e+00
-6.517698943193216410e-01 7.584167751698140947e-01 0.000000000000000000e+00 -1.392756800000000084e+01 -7.584167751698140947e-01 -6.517698943193216410e-01 0.000000000000000000e+00 2.835498799999999875e+00 0.000000000000000000e+00 0.000000000000000000e+00 1.000000000000000000e+00 0.000000000000000000e+00
-5.919736511179426453e-01 8.059573167247087166e-01 0.000000000000000000e+00 -1.437434400000000068e+01 -8.059573167247087166e-01 -5.919736511179426453e-01 0.000000000000000000e+00 3.153821999999999903e+00 0.000000000000000000e+00 0.000000000000000000e+00 1.000000000000000000e+00 0.000000000000000000e+00
-4.490882820203913606e-01 8.934873893637075293e-01 0.000000000000000000e+00 -1.482775299999999952e+01 -8.934873893637075293e-01 -4.490882820203913606e-01 0.000000000000000000e+00 3.224844000000000044e+00 0.000000000000000000e+00 0.000000000000000000e+00 1.000000000000000000e+00 0.000000000000000000e+00
-2.848977666572290457e-01 9.585579077727767183e-01 0.000000000000000000e+00 -1.525792299999999990e+01 -9.585579077727767183e-01 -2.848977666572290457e-01 0.000000000000000000e+00 3.281507500000000022e+00 0.000000000000000000e+00 0.000000000000000000e+00 1.000000000000000000e+00 0.000000000000000000e+00
-5.200700049197126695e-02 9.986467202668960486e-01 0.000000000000000000e+00 -1.570849100000000043e+01 -9.986467202668960486e-01 -5.200700049197126695e-02 0.000000000000000000e+00 3.433875000000000011e+00 0.000000000000000000e+00 0.000000000000000000e+00 1.000000000000000000e+00 0.000000000000000000e+00
1.451714211022891443e-01 9.894065183205241754e-01 0.000000000000000000e+00 -1.597617299999999929e+01 -9.894065183205241754e-01 1.451714211022891443e-01 0.000000000000000000e+00 3.242919999999999803e+00 0.000000000000000000e+00 0.000000000000000000e+00 1.000000000000000000e+00 0.000000000000000000e+00
3.197523715509426601e-01 9.475011455864039700e-01 0.000000000000000000e+00 -1.627089700000000150e+01 -9.475011455864039700e-01 3.197523715509426601e-01 0.000000000000000000e+00 3.086200700000000019e+00 0.000000000000000000e+00 0.000000000000000000e+00 1.000000000000000000e+00 0.000000000000000000e+00
5.650574028588787323e-01 8.250515932197082236e-01 0.000000000000000000e+00 -1.662108599999999825e+01 -8.250515932197082236e-01 5.650574028588787323e-01 0.000000000000000000e+00 2.990719799999999928e+00 0.000000000000000000e+00 0.000000000000000000e+00 1.000000000000000000e+00 0.000000000000000000e+00
7.769177240107968396e-01 6.296021363669943582e-01 0.000000000000000000e+00 -1.698333699999999880e+01 -6.296021363669943582e-01 7.769177240107968396e-01 0.000000000000000000e+00 2.621441799999999933e+00 0.000000000000000000e+00 0.000000000000000000e+00 1.000000000000000000e+00 0.000000000000000000e+00
8.749728927238907827e-01 4.841719085184379434e-01 0.000000000000000000e+00 -1.717032599999999931e+01 -4.841719085184379434e-01 8.749728927238907827e-01 0.000000000000000000e+00 2.349836300000000211e+00 0.000000000000000000e+00 0.000000000000000000e+00 1.000000000000000000e+00 0.000000000000000000e+00
-9.446259278309381280e-01 -3.281491375419709478e-01 0.000000000000000000e+00 -1.730743999999999971e+01 3.281491375419709478e-01 -9.446259278309381280e-01 0.000000000000000000e+00 1.889739999999999975e+00 0.000000000000000000e+00 0.000000000000000000e+00 1.000000000000000000e+00 0.000000000000000000e+00
-9.891782133254818365e-01 -1.467189908710103130e-01 0.000000000000000000e+00 -1.739519500000000107e+01 1.467189908710103130e-01 -9.891782133254818365e-01 0.000000000000000000e+00 1.529466599999999898e+00 0.000000000000000000e+00 0.000000000000000000e+00 1.000000000000000000e+00 0.000000000000000000e+00
-9.985282627316264259e-01 5.423383193321263535e-02 0.000000000000000000e+00 -1.744455699999999965e+01 -5.423383193321263535e-02 -9.985282627316264259e-01 0.000000000000000000e+00 1.090162300000000029e+00 0.000000000000000000e+00 0.000000000000000000e+00 1.000000000000000000e+00 0.000000000000000000e+00
-9.660641392416635664e-01 2.583023013278506474e-01 0.000000000000000000e+00 -1.727930299999999875e+01 -2.583023013278506474e-01 -9.660641392416635664e-01 0.000000000000000000e+00 4.760036500000000004e-01 0.000000000000000000e+00 0.000000000000000000e+00 1.000000000000000000e+00 0.000000000000000000e+00
-8.394681070334099049e-01 5.434089595081621482e-01 0.000000000000000000e+00 -1.704462799999999945e+01 -5.434089595081621482e-01 -8.394681070334099049e-01 0.000000000000000000e+00 2.677097299999999791e-01 0.000000000000000000e+00 0.000000000000000000e+00 1.000000000000000000e+00 0.000000000000000000e+00
-6.746944642198358100e-01 7.380971344959338376e-01 0.000000000000000000e+00 -1.677346000000000004e+01 -7.380971344959338376e-01 -6.746944642198358100e-01 0.000000000000000000e+00 2.208709699999999911e-03 0.000000000000000000e+00 0.000000000000000000e+00 1.000000000000000000e+00 0.000000000000000000e+00
-4.261915785695841175e-01 9.046329301746460771e-01 0.000000000000000000e+00 -1.620826500000000081e+01 -9.046329301746460771e-01 -4.261915785695841175e-01 0.000000000000000000e+00 -1.844291700000000034e-01 0.000000000000000000e+00 0.000000000000000000e+00 1.000000000000000000e+00 0.000000000000000000e+00
-3.531071103094435282e-01 9.355829031405578089e-01 0.000000000000000000e+00 -1.559997599999999984e+01 -9.355829031405578089e-01 -3.531071103094435282e-01 0.000000000000000000e+00 -4.432468399999999753e-01 0.000000000000000000e+00 0.000000000000000000e+00 1.000000000000000000e+00 0.000000000000000000e+00
-2.570620679022298516e-01 9.663948950847315311e-01 0.000000000000000000e+00 -1.532791500000000084e+01 -9.663948950847315311e-01 -2.570620679022298516e-01 0.000000000000000000e+00 -5.864333999999999936e-01 0.000000000000000000e+00 0.000000000000000000e+00 1.000000000000000000e+00 0.000000000000000000e+00
1.382913899114264766e-01 -9.903915849179888431e-01 0.000000000000000000e+00 -1.477957900000000002e+01 9.903915849179888431e-01 1.382913899114264766e-01 0.000000000000000000e+00 -5.288372000000000073e-01 0.000000000000000000e+00 0.000000000000000000e+00 1.000000000000000000e+00 0.000000000000000000e+00
